1 1.000000 0.000100 1.000000 0.000100
2 0.998800 0.010001 1.997600 0.014201
3 1.494700 0.008631 2.978800 0.024796
4 1.503900 0.013173 3.996600 0.034642
5 1.872400 0.012209 4.996000 0.044944
6 1.898500 0.015556 6.023600 0.055297
7 2.206800 0.014686 7.026000 0.065487
8 2.227700 0.017481 8.017600 0.075708
9 2.493400 0.016676 8.997100 0.085934
10 2.513800 0.019300 10.042900 0.096858
11 2.757400 0.018359 10.972700 0.105737
12 2.772100 0.020605 11.929200 0.115185
13 3.002500 0.019745 12.912400 0.124058
14 3.006000 0.022069 13.905200 0.133196
15 3.224400 0.021252 14.911600 0.144418
16 3.226800 0.023462 15.915200 0.154974
17 3.444700 0.022537 16.943600 0.165872
18 3.446200 0.024683 17.967200 0.175285
19 3.646900 0.023808 18.966000 0.185387
20 3.650800 0.025825 19.995400 0.196449
21 3.841400 0.024932 20.970400 0.204953
22 3.849500 0.026982 22.096800 0.216375
23 4.022900 0.026110 22.998800 0.226559
24 4.043900 0.027809 24.084000 0.236479
25 4.206400 0.026974 24.967500 0.244634
26 4.201200 0.028770 25.924400 0.255565
27 4.367200 0.028024 26.923200 0.265149
28 4.377800 0.029660 27.959400 0.275224
29 4.530700 0.029030 28.952000 0.285430
30 4.531900 0.030563 29.876100 0.295121
31 4.686600 0.029972 30.944400 0.305742
32 4.693000 0.031567 31.985800 0.315851
33 4.842700 0.030950 33.027400 0.327145
34 4.839200 0.032421 33.925800 0.335760
35 4.978600 0.031810 34.901900 0.346491
36 4.966900 0.033288 35.747600 0.353400
37 5.114900 0.032513 36.729200 0.362647
38 5.117300 0.034131 37.831900 0.374041
39 5.255900 0.033444 38.805900 0.383044
40 5.259000 0.034839 39.790400 0.393604
41 5.395300 0.034081 40.720400 0.401765
42 5.392600 0.035591 41.743300 0.412774
43 5.531800 0.034931 42.798400 0.420866
44 5.543900 0.036329 43.928700 0.431506
45 5.677100 0.035805 45.044700 0.442836
46 5.673500 0.037176 46.004600 0.452202
47 5.799200 0.036404 46.878400 0.460086
48 5.807300 0.037791 48.001800 0.472767
49 5.930500 0.037201 49.005200 0.483173
50 5.932100 0.038630 50.107600 0.497429
51 6.058500 0.038048 51.177100 0.508270
52 6.056100 0.039175 52.018200 0.517303
53 6.176500 0.038667 53.095100 0.528809
54 6.175000 0.039981 54.110200 0.542311
55 6.305200 0.039476 55.333900 0.555695
56 6.312200 0.040648 56.360600 0.564037
57 6.425500 0.040131 57.385900 0.574145
58 6.429000 0.041275 58.362200 0.583656
59 6.534400 0.040852 59.381100 0.596868
60 6.533400 0.041996 60.315800 0.606401
61 6.644000 0.041458 61.324000 0.614707
62 6.648200 0.042505 62.259300 0.622926
63 6.757600 0.042060 63.349200 0.635544
64 6.762200 0.043314 64.482200 0.647329
65 6.867700 0.042677 65.372000 0.654090
66 6.872500 0.043788 66.398600 0.660214
67 6.971000 0.043206 67.255600 0.669959
68 6.979500 0.044296 68.327800 0.681283
69 7.080700 0.043834 69.343200 0.693020
70 7.087500 0.044951 70.431400 0.704289
71 7.197500 0.044444 71.549100 0.715414
72 7.201500 0.045596 72.644400 0.725492
73 7.310100 0.045093 73.764300 0.736333
74 7.303000 0.046288 74.752400 0.751186
75 7.394400 0.045753 75.602700 0.762054
76 7.390900 0.046836 76.553800 0.772245
77 7.488400 0.046240 77.449500 0.777428
78 7.500800 0.047339 78.664300 0.789673
79 7.602500 0.046830 79.720400 0.801801
80 7.600400 0.047894 80.695900 0.812605
81 7.696900 0.047425 81.725600 0.821641
82 7.694100 0.048436 82.651200 0.830393
83 7.794100 0.047957 83.738400 0.841022
84 7.805200 0.049014 84.936700 0.852520
85 7.909900 0.048507 86.086800 0.861737
86 7.916600 0.049422 87.089600 0.871238
87 7.999500 0.049082 88.073500 0.883927
88 8.012400 0.050024 89.213200 0.894190
89 8.100000 0.049486 90.089500 0.900635
90 8.087700 0.050392 90.795800 0.909750
91 8.170100 0.049988 91.729100 0.919052
92 8.166700 0.050766 92.457900 0.925872
93 8.249300 0.050463 93.506800 0.937983
94 8.254900 0.051404 94.557300 0.951202
95 8.337700 0.051025 95.543100 0.961453
96 8.311600 0.051939 96.049600 0.967587
97 8.408100 0.051444 97.151100 0.978321
98 8.416300 0.052234 98.107800 0.986890
99 8.496700 0.051847 99.065500 0.995308
100 8.517700 0.052585 100.193200 1.003556
101 8.587400 0.052196 100.977200 1.012917
102 8.598300 0.053032 102.045000 1.022463
103 8.683200 0.052585 103.040000 1.032529
104 8.699900 0.053419 104.213200 1.041458
105 8.768500 0.053043 105.011200 1.050026
106 8.774100 0.053914 106.041000 1.060869
107 8.856400 0.053484 107.030800 1.068627
108 8.859000 0.054301 107.957400 1.076997
109 8.945000 0.053939 109.096800 1.087908
110 8.942700 0.054700 109.882000 1.092387
111 9.018900 0.054219 110.726800 1.099143
112 9.026500 0.055171 111.904600 1.108870
113 9.112000 0.054708 112.947100 1.119774
114 9.104700 0.055557 113.749600 1.124275
115 9.189000 0.055167 114.859900 1.135033
116 9.178100 0.055967 115.548800 1.140633
117 9.262700 0.055647 116.751900 1.153853
118 9.258300 0.056563 117.698000 1.162077
119 9.344100 0.056164 118.844000 1.175897
120 9.341800 0.057120 119.884400 1.190504
121 9.431000 0.056677 121.054000 1.197112
122 9.445200 0.057511 122.275200 1.211985
123 9.514000 0.057195 123.216400 1.222308
124 9.526300 0.057934 124.301800 1.235692
125 9.593200 0.057735 125.350800 1.252559
126 9.588100 0.058549 126.198600 1.262709
127 9.662400 0.058002 126.991500 1.270648
128 9.657000 0.058895 127.931600 1.280048
129 9.723900 0.058589 128.867600 1.293296
130 9.722400 0.059358 129.745400 1.303180
131 9.789500 0.059008 130.640400 1.315581
132 9.789500 0.059898 131.699200 1.325809
133 9.869000 0.059475 132.756700 1.335944
134 9.864300 0.060276 133.622600 1.345346
135 9.938200 0.059953 134.697900 1.358064
136 9.944700 0.060805 135.855400 1.368765
137 10.018300 0.060385 136.816700 1.375444
138 10.019100 0.061187 137.807300 1.388141
139 10.094500 0.060804 138.855900 1.402816
140 10.095700 0.061551 139.794900 1.411377
141 10.165200 0.061257 140.841500 1.421764
142 10.164000 0.061919 141.632300 1.425804
143 10.241500 0.061727 142.976200 1.443204
144 10.239400 0.062441 143.819200 1.451763
145 10.315000 0.061793 144.569100 1.456387
146 10.304400 0.062540 145.279000 1.463207
147 10.376400 0.062102 146.221100 1.472706
148 10.374900 0.062837 147.108200 1.484750
149 10.447300 0.062537 148.239500 1.500720
150 10.448600 0.063251 149.164800 1.509991
151 10.527000 0.062940 150.416700 1.521724
152 10.527400 0.063825 151.547800 1.531645
153 10.599600 0.063506 152.666800 1.542587
154 10.597800 0.064209 153.525900 1.548852
155 10.665000 0.063749 154.366300 1.552376
156 10.659700 0.064536 155.263000 1.563856
157 10.730900 0.064014 156.115000 1.567899
158 10.733300 0.064780 157.152200 1.581145
159 10.802900 0.064426 158.194400 1.591795
160 10.806700 0.065124 159.179600 1.598347
161 10.863700 0.064756 159.937100 1.607755
162 10.868300 0.065560 161.085600 1.618291
163 10.943100 0.065069 162.075600 1.630163
164 10.942800 0.065900 163.156000 1.642222
165 11.012900 0.065461 164.118800 1.656943
166 11.004700 0.066225 164.944000 1.665686
167 11.081100 0.065881 166.176800 1.681467
168 11.084700 0.066534 167.121900 1.688644
169 11.150700 0.066165 168.098800 1.700213
170 11.152700 0.066778 168.959200 1.707810
171 11.218600 0.066522 170.091200 1.720276
172 11.218100 0.067291 171.109600 1.727542
173 11.285900 0.066847 172.039900 1.734923
174 11.275900 0.067675 172.927200 1.746342
175 11.334700 0.067205 173.623100 1.752279
176 11.337600 0.067955 174.702600 1.764320
177 11.395300 0.067557 175.474700 1.772046
178 11.388900 0.068455 176.550600 1.783520
179 11.464600 0.067883 177.500600 1.795107
180 11.459900 0.068701 178.509600 1.807048
181 11.529500 0.068431 179.739500 1.816865
182 11.523200 0.069091 180.502000 1.824406
183 11.582700 0.068685 181.316700 1.833630
184 11.584500 0.069463 182.433200 1.845942
185 11.658300 0.068953 183.443100 1.853871
186 11.644400 0.069854 184.370100 1.870290
187 11.709300 0.069487 185.373500 1.879858
188 11.694300 0.070140 185.934300 1.888155
189 11.764100 0.069714 186.976400 1.900933
190 11.769200 0.070346 187.981400 1.910259
191 11.838100 0.069929 189.022000 1.914030
192 11.852400 0.070433 190.068000 1.919269
193 11.897500 0.070329 190.992400 1.930260
194 11.910800 0.070831 192.018800 1.934539
195 11.976100 0.070380 192.941600 1.941199
196 11.977300 0.071020 193.874600 1.947659
197 12.028900 0.070733 194.707200 1.957396
198 12.040600 0.071350 195.864600 1.969804
199 12.095000 0.071069 196.778000 1.973354
200 12.101700 0.071714 197.861000 1.985922
201 12.157800 0.071358 198.711600 1.992595
202 12.156600 0.071918 199.485500 1.999938
203 12.205800 0.071670 200.326700 2.011789
204 12.212800 0.072136 201.168300 2.020987
205 12.260500 0.071984 202.116700 2.031581
206 12.252100 0.072739 203.003600 2.039921
207 12.322200 0.072258 204.027900 2.045943
208 12.322600 0.073020 205.145400 2.058168
209 12.396600 0.072683 206.483900 2.069293
210 12.413500 0.073396 207.944200 2.083187
211 12.460200 0.073082 208.646000 2.091140
212 12.457800 0.073815 209.662400 2.102751
213 12.519100 0.073454 210.661200 2.112390
214 12.521900 0.074014 211.558000 2.119811
215 12.573200 0.073657 212.318000 2.122024
216 12.580200 0.074292 213.432800 2.136957
217 12.640800 0.073843 214.295600 2.140677
218 12.636400 0.074540 215.218800 2.149864
219 12.705700 0.074167 216.420000 2.158413
220 12.706200 0.074897 217.521100 2.168120
221 12.770700 0.074602 218.724000 2.180221
222 12.783200 0.075224 219.975400 2.189731
223 12.829700 0.074868 220.631600 2.197986
224 12.834100 0.075577 221.811200 2.210413
225 12.893800 0.075248 222.851100 2.224668
226 12.898500 0.075892 223.944800 2.237202
227 12.961000 0.075578 225.085500 2.244142
228 12.965500 0.076244 226.213000 2.260949
229 13.023400 0.076081 227.469600 2.278381
230 13.028000 0.076869 228.794500 2.295706
231 13.084900 0.076404 229.567100 2.304885
232 13.081900 0.077253 230.793100 2.319987
233 13.145600 0.076813 231.786700 2.324053
234 13.149000 0.077433 232.831500 2.334494
235 13.202500 0.077159 233.818000 2.342793
236 13.207800 0.077765 234.895800 2.355567
237 13.252700 0.077422 235.552300 2.359892
238 13.262200 0.077966 236.650000 2.372792
239 13.320500 0.077663 237.726800 2.383402
240 13.320200 0.078263 238.654100 2.388396
241 13.377800 0.077952 239.706400 2.400754
242 13.391100 0.078450 240.840800 2.407990
243 13.430500 0.078112 241.368600 2.414209
244 13.430200 0.078592 242.113000 2.417410
245 13.480100 0.078333 243.048700 2.428709
246 13.501800 0.078942 244.593200 2.446378
247 13.555600 0.078622 245.544400 2.452745
248 13.548100 0.079298 246.408200 2.462934
249 13.603100 0.079060 247.524400 2.474527
250 13.606300 0.079654 248.553700 2.484870
251 13.650000 0.079094 248.855900 2.490509
252 13.637100 0.079710 249.483100 2.492897
253 13.686100 0.079341 250.234700 2.501985
254 13.701800 0.079921 251.587400 2.511788
255 13.753500 0.079666 252.600300 2.520889
256 13.772800 0.080194 253.975100 2.533462
257 13.829500 0.079972 255.184700 2.547298
258 13.829800 0.080479 256.005700 2.554177
259 13.882900 0.080236 257.086700 2.563335
260 13.883600 0.080654 257.779400 2.566397
261 13.942600 0.080319 258.882400 2.575614
262 13.941000 0.081045 260.008800 2.589926
263 14.000300 0.080739 261.170000 2.595290
264 14.009500 0.081369 262.448200 2.608529
265 14.068700 0.081061 263.611100 2.618894
266 14.074400 0.081685 264.786600 2.632383
267 14.107900 0.081411 265.283100 2.642603
268 14.108700 0.082003 266.273200 2.655844
269 14.147900 0.081969 267.325600 2.670866
270 14.165800 0.082489 268.688000 2.683163
271 14.226100 0.082205 269.931500 2.696262
272 14.229700 0.082718 270.879200 2.703505
273 14.289900 0.082401 272.072700 2.713200
274 14.281500 0.082989 272.806200 2.718135
275 14.334100 0.082590 273.649900 2.725609
276 14.342100 0.083184 274.864900 2.739668
277 14.411500 0.083062 276.657400 2.759575
278 14.407600 0.083772 277.728800 2.774061
279 14.471200 0.083423 278.981100 2.789535
280 14.475000 0.083925 279.931700 2.793577
281 14.530200 0.083670 281.105600 2.804896
282 14.517800 0.084219 281.667400 2.807233
283 14.571100 0.083907 282.691800 2.812804
284 14.569100 0.084420 283.497100 2.821807
285 14.625600 0.084093 284.595900 2.828430
286 14.616100 0.084660 285.274800 2.836313
287 14.671500 0.084419 286.489900 2.848045
288 14.670200 0.084801 287.097600 2.853072
289 14.728800 0.084647 288.559900 2.869167
290 14.730900 0.085322 289.769400 2.885852
291 14.783000 0.084873 290.542600 2.892818
292 14.765300 0.085643 291.331400 2.906754
293 14.822700 0.085287 292.421100 2.921587
294 14.825900 0.085898 293.562400 2.930429
295 14.892700 0.085450 294.779600 2.939264
296 14.890900 0.086108 295.854400 2.951059
297 14.931800 0.085868 296.661900 2.960190
298 14.937600 0.086466 297.866600 2.970216
299 14.987800 0.086198 298.905100 2.977553
300 14.995700 0.086563 299.772200 2.982264
301 15.048800 0.086397 301.080000 2.997784
302 15.044800 0.087079 302.143200 3.015221
303 15.097200 0.086844 303.313400 3.025521
304 15.097300 0.087265 304.050400 3.030824
305 15.135500 0.086975 304.699900 3.032444
306 15.140000 0.087393 305.565200 3.036347
307 15.184000 0.087207 306.573200 3.048114
308 15.181500 0.087615 307.211700 3.060025
309 15.224700 0.087259 307.902000 3.066149
310 15.235300 0.087870 309.294300 3.085625
311 15.298500 0.087633 310.808000 3.090154
312 15.303600 0.088210 311.978300 3.100895
313 15.346000 0.087839 312.625600 3.107076
314 15.345300 0.088376 313.549700 3.117437
315 15.384200 0.088030 314.135500 3.121644
316 15.376800 0.088622 314.953800 3.131389
317 15.417700 0.088222 315.504300 3.137041
318 15.422500 0.088704 316.506000 3.151899
319 15.458100 0.088494 317.232700 3.160359
320 15.451700 0.088984 317.905600 3.166865
321 15.493900 0.088702 318.708700 3.172076
322 15.520300 0.089302 320.596200 3.193073
323 15.558200 0.089152 321.506000 3.204468
324 15.566900 0.089530 322.451900 3.212581
325 15.605400 0.089276 323.198000 3.218265
326 15.602300 0.089941 324.292600 3.231070
327 15.642700 0.089666 325.062200 3.239057
328 15.640200 0.090120 325.799600 3.246169
329 15.688700 0.089917 326.952700 3.260547
330 15.688600 0.090437 327.888200 3.274617
331 15.736300 0.090178 328.918200 3.279033
332 15.739100 0.090589 329.750800 3.286045
333 15.780100 0.090277 330.478700 3.289586
334 15.785800 0.090804 331.611300 3.292795
335 15.835000 0.090537 332.683900 3.304411
336 15.825700 0.091064 333.345700 3.320505
337 15.862500 0.090868 334.155900 3.330953
338 15.859500 0.091412 335.051100 3.345609
339 15.895600 0.091031 335.502700 3.349777
340 15.902200 0.091397 336.379600 3.348034
341 15.932000 0.091229 337.022300 3.358065
342 15.941300 0.091788 338.342200 3.376278
343 15.980300 0.091460 338.984700 3.384498
344 15.981300 0.092006 340.019200 3.393893
345 16.025900 0.091797 341.062300 3.406236
346 16.031000 0.092340 342.226200 3.415161
347 16.073000 0.092012 342.969000 3.429389
348 16.069500 0.092489 343.737200 3.435063
349 16.107200 0.092436 344.850700 3.444699
350 16.108600 0.092774 345.523500 3.449030
351 16.166800 0.092544 346.974300 3.466741
352 16.168800 0.093060 347.996400 3.480113
353 16.218000 0.092917 349.325200 3.503672
354 16.216700 0.093392 350.166100 3.514649
355 16.259700 0.093183 351.174000 3.519155
356 16.260400 0.093711 352.182400 3.533468
357 16.291900 0.093464 352.746200 3.540755
358 16.303600 0.093958 354.053400 3.550181
359 16.344900 0.093720 354.954600 3.558083
360 16.347200 0.094162 355.859400 3.562806
361 16.391300 0.093819 356.658700 3.565376
362 16.386200 0.094415 357.614400 3.571527
363 16.426700 0.094047 358.249400 3.576797
364 16.415900 0.094625 358.985600 3.580004
365 16.459900 0.094114 359.465900 3.580121
366 16.462700 0.094433 360.160600 3.583351
367 16.510200 0.094110 361.116600 3.588340
368 16.502000 0.094714 361.987000 3.600463
369 16.542400 0.094279 362.500200 3.603697
370 16.540900 0.094943 363.706700 3.616596
371 16.589600 0.094758 364.969000 3.628208
372 16.587800 0.095197 365.743900 3.642659
373 16.626200 0.095085 366.806000 3.659411
374 16.617700 0.095501 367.315300 3.663442
375 16.674600 0.095178 368.594000 3.679170
376 16.676300 0.095702 369.651300 3.686698
377 16.721500 0.095388 370.560400 3.690688
378 16.724500 0.095914 371.665800 3.698634
379 16.778000 0.095587 372.833200 3.703135
380 16.776600 0.096254 374.064400 3.720663
381 16.812600 0.096160 375.092800 3.738504
382 16.812700 0.096673 376.085100 3.744063
383 16.859000 0.096323 376.969100 3.754501
384 16.852600 0.096813 377.700800 3.761475
385 16.903300 0.096379 378.572400 3.764235
386 16.894900 0.096987 379.464600 3.774463
387 16.934600 0.096752 380.351900 3.786000
388 16.937400 0.097248 381.409600 3.797344
389 16.987600 0.097000 382.631100 3.813850
390 16.998500 0.097516 384.004500 3.829982
391 17.054600 0.097260 385.416300 3.844836
392 17.059200 0.097818 386.661400 3.858507
393 17.102400 0.097449 387.415900 3.866336
394 17.111500 0.098005 388.814400 3.883699
395 17.153400 0.097742 389.735400 3.891357
396 17.146400 0.098277 390.544100 3.896868
397 17.185200 0.097938 391.211100 3.901267
398 17.180700 0.098390 391.943400 3.909782
399 17.227200 0.098238 393.244800 3.919281
400 17.228500 0.098645 394.089300 3.926545
401 17.276000 0.098411 395.267600 3.933542
402 17.278900 0.098924 396.380100 3.945140
403 17.320500 0.098578 397.136000 3.947106
404 17.315500 0.099168 398.130100 3.955569
405 17.361300 0.098800 398.988800 3.959531
406 17.359600 0.099254 399.830000 3.967931
407 17.412500 0.099061 401.285900 3.983970
408 17.414400 0.099600 402.423000 3.997759
409 17.444100 0.099286 402.833400 4.004270
410 17.434800 0.099852 403.636400 4.015817
411 17.477000 0.099591 404.588200 4.030454
412 17.474300 0.099997 405.303800 4.033390
413 17.503100 0.099857 406.033100 4.037986
414 17.499300 0.100222 406.629600 4.044902
415 17.540300 0.099879 407.379500 4.048246
416 17.533000 0.100547 408.462000 4.060980
417 17.577100 0.100053 409.019100 4.057750
418 17.585100 0.100480 410.156400 4.068483
419 17.620900 0.100317 411.090400 4.086162
420 17.611300 0.100790 411.702000 4.095492
421 17.660900 0.100537 412.943600 4.108264
422 17.648400 0.101153 413.743100 4.131753
423 17.689500 0.100785 414.452400 4.134422
424 17.679600 0.101132 414.804100 4.140262
425 17.722100 0.100899 415.837100 4.146195
426 17.719500 0.101422 416.802300 4.159063
427 17.764800 0.101171 417.902300 4.166361
428 17.774800 0.101737 419.406300 4.189843
429 17.820600 0.101502 420.558800 4.197072
430 17.815600 0.102016 421.426400 4.206585
431 17.863000 0.101811 422.699100 4.225169
432 17.860700 0.102316 423.647800 4.234980
433 17.902400 0.102008 424.510800 4.239998
434 17.914500 0.102456 425.858600 4.252479
435 17.948700 0.102241 426.646400 4.265173
436 17.964300 0.102712 428.170100 4.284220
437 17.999500 0.102469 428.938400 4.292345
438 17.990000 0.102874 429.428700 4.298249
439 18.026000 0.102728 430.424800 4.313010
440 18.027200 0.103159 431.355600 4.317948
441 18.072800 0.102893 432.452300 4.325691
442 18.077500 0.103438 433.747300 4.336833
443 18.114000 0.103212 434.601600 4.351120
444 18.099600 0.103657 434.999300 4.359035
445 18.144000 0.103402 436.081200 4.366688
446 18.134000 0.103848 436.643000 4.373995
447 18.182600 0.103516 437.717900 4.379454
448 18.191400 0.104007 439.056900 4.391009
449 18.236700 0.103767 440.209200 4.409959
450 18.237100 0.104054 440.821000 4.412011
451 18.274400 0.104061 442.195500 4.428958
452 18.279900 0.104436 443.178400 4.434421
453 18.324400 0.104142 444.194000 4.441125
454 18.335200 0.104580 445.504800 4.454401
455 18.386700 0.104364 446.944800 4.465477
456 18.401200 0.104815 448.420300 4.472617
457 18.445500 0.104617 449.638400 4.486771
458 18.444800 0.105038 450.496000 4.499620
459 18.490100 0.104846 451.765600 4.513116
460 18.498500 0.105314 453.058800 4.530098
461 18.531200 0.105121 453.863200 4.538412
462 18.530200 0.105579 454.791900 4.553247
463 18.580200 0.105397 456.264000 4.572645
464 18.586000 0.105995 457.743700 4.591664
465 18.626100 0.105713 458.638800 4.602357
466 18.619400 0.106229 459.481700 4.605176
467 18.657100 0.106084 460.580400 4.619286
468 18.672800 0.106423 461.886100 4.630183
469 18.721600 0.106151 463.132400 4.633033
470 18.721800 0.106550 463.987600 4.643733
471 18.758000 0.106271 464.752000 4.652400
472 18.766300 0.106766 466.118200 4.661774
473 18.813400 0.106379 467.062000 4.660800
474 18.816400 0.106883 468.250600 4.677561
475 18.856300 0.106686 469.332400 4.683273
476 18.850100 0.107183 470.161800 4.685043
477 18.886800 0.107011 471.178400 4.698704
478 18.877800 0.107283 471.420800 4.691772
479 18.909700 0.106867 471.735900 4.689564
480 18.909500 0.107300 472.655200 4.697732
481 18.946300 0.107016 473.440000 4.704513
482 18.954800 0.107407 474.599000 4.709072
483 18.997000 0.107144 475.637600 4.717711
484 18.997800 0.107447 476.317000 4.719535
485 19.039100 0.107311 477.596800 4.730791
486 19.047300 0.107726 478.801200 4.740790
487 19.077100 0.107553 479.564400 4.757178
488 19.084100 0.107890 480.556800 4.765605
489 19.126200 0.107739 481.840400 4.774485
490 19.113600 0.108012 481.948000 4.768680
491 19.149000 0.107834 482.918000 4.776898
492 19.149400 0.108330 484.005800 4.792651
493 19.172400 0.108148 484.492800 4.803238
494 19.175300 0.108475 485.312600 4.811440
495 19.225100 0.108306 486.856700 4.822900
496 19.227300 0.108744 487.892600 4.831849
497 19.266500 0.108492 488.854800 4.837079
498 19.262000 0.108827 489.408300 4.838161
499 19.305600 0.108557 490.502400 4.844295
500 19.308100 0.108981 491.521800 4.856538
501 19.340500 0.108827 492.439200 4.866591
502 19.330000 0.109244 492.941200 4.880432
503 19.372000 0.109018 494.073600 4.893930
504 19.381300 0.109383 495.232600 4.894498
505 19.414400 0.109179 496.070000 4.906214
506 19.406800 0.109624 496.748500 4.914648
507 19.438900 0.109455 497.624000 4.927185
508 19.438000 0.109858 498.474600 4.940373
509 19.471800 0.109584 499.187900 4.948639
510 19.457600 0.110001 499.549600 4.942499
511 19.496800 0.109739 500.502400 4.955513
512 19.492500 0.110223 501.399400 4.958401
513 19.524900 0.110061 502.304800 4.970215
514 19.530100 0.110261 502.950400 4.975105
515 19.574500 0.110184 504.516700 4.988121
516 19.582700 0.110607 505.771500 4.995745
517 19.638700 0.110446 507.611600 5.009797
518 19.638900 0.110889 508.598900 5.025838
519 19.680300 0.110635 509.663900 5.039396
520 19.692300 0.111076 511.114500 5.050393
521 19.734700 0.111007 512.632800 5.066008
522 19.735400 0.111397 513.528000 5.076786
523 19.772700 0.111065 514.262400 5.079985
524 19.767100 0.111358 514.692800 5.080656
525 19.811200 0.110929 515.484800 5.082282
526 19.822600 0.111528 517.269600 5.097752
527 19.860200 0.111177 517.980000 5.097123
528 19.857300 0.111581 518.763800 5.106221
529 19.892800 0.111449 519.881200 5.122503
530 19.889300 0.111858 520.653500 5.127133
531 19.934500 0.111640 521.966400 5.128603
532 19.937400 0.111972 522.825700 5.137823
533 19.960000 0.111711 523.142800 5.141928
534 19.959300 0.112098 523.981800 5.146644
535 19.991600 0.111989 525.026400 5.160633
536 20.004700 0.112465 526.618000 5.179789
537 20.056200 0.112236 528.167500 5.196097
538 20.056600 0.112536 528.857400 5.196461
539 20.104300 0.112212 530.046300 5.203232
540 20.092700 0.112765 530.823900 5.212477
541 20.125600 0.112693 531.983500 5.226862
542 20.132500 0.113091 533.159600 5.242697
543 20.157600 0.112838 533.600300 5.250944
544 20.162800 0.113325 534.911100 5.258856
545 20.205200 0.113005 535.898300 5.263402
546 20.208300 0.113278 536.639700 5.267237
547 20.229300 0.113176 537.259200 5.284274
548 20.232200 0.113548 538.219000 5.287026
549 20.260300 0.113330 538.863200 5.292104
550 20.245900 0.113844 539.447100 5.301030
551 20.280300 0.113743 540.612300 5.329091
552 20.290700 0.114087 541.817600 5.339235
553 20.326300 0.113846 542.713100 5.351004
554 20.319300 0.114286 543.432200 5.363539
555 20.352000 0.114288 544.768000 5.381525
556 20.351500 0.114661 545.601400 5.389505
557 20.377700 0.114425 546.126000 5.394386
558 20.384900 0.114780 547.233600 5.404094
559 20.428300 0.114524 548.417600 5.410816
560 20.434000 0.115074 549.914500 5.428870
561 20.482000 0.114799 551.244400 5.445181
562 20.476100 0.115312 552.183400 5.456256
563 20.507800 0.115013 552.794400 5.463865
564 20.507100 0.115366 553.579900 5.468993
565 20.533800 0.115249 554.405600 5.488024
566 20.528400 0.115760 555.364400 5.504457
567 20.554500 0.115624 556.120800 5.519455
568 20.554300 0.115972 556.919000 5.525019
569 20.596300 0.115731 558.089200 5.532854
570 20.592300 0.116104 558.789100 5.544109
571 20.644000 0.115864 560.363200 5.555307
572 20.640400 0.116309 561.247200 5.570195
573 20.689200 0.116159 562.914800 5.586045
574 20.690600 0.116709 564.254400 5.600500
575 20.729000 0.116585 565.556000 5.617497
576 20.726400 0.117011 566.443100 5.628233
577 20.750400 0.116803 566.952800 5.627280
578 20.748300 0.117145 567.665200 5.641991
579 20.779500 0.116907 568.402400 5.647597
580 20.791900 0.117213 569.634200 5.661354
581 20.829000 0.117094 570.900400 5.673192
582 20.820100 0.117496 571.472600 5.675163
583 20.859000 0.117218 572.441600 5.686682
584 20.853400 0.117577 573.051000 5.686862
585 20.890300 0.117302 573.944400 5.695528
586 20.887700 0.117619 574.580800 5.700498
587 20.925100 0.117311 575.421200 5.709481
588 20.909100 0.117855 576.030600 5.722727
589 20.935100 0.117686 576.720000 5.731181
590 20.944400 0.118052 577.973600 5.744145
591 20.981400 0.117822 578.982400 5.755415
592 20.981100 0.118238 579.949900 5.767544
593 21.042000 0.117929 581.780800 5.778450
594 21.040500 0.118380 582.783600 5.782896
595 21.096600 0.118187 584.688800 5.794631
596 21.096000 0.118462 585.314100 5.799058
597 21.129700 0.118281 586.310400 5.806965
598 21.144100 0.118621 587.722700 5.814156
599 21.176700 0.118389 588.552300 5.820422
600 21.173100 0.118767 589.296400 5.824993
601 21.198800 0.118586 589.957600 5.836835
602 21.196100 0.118901 590.589400 5.844546
603 21.244500 0.118782 592.360800 5.868074
604 21.242000 0.119168 593.172200 5.879140
605 21.280800 0.118904 594.194400 5.890112
606 21.282800 0.119310 595.247400 5.894625
607 21.321500 0.119035 596.240000 5.901947
608 21.314600 0.119347 596.690400 5.907540
609 21.351700 0.119096 597.674800 5.913042
610 21.338500 0.119425 597.894200 5.917763
611 21.366600 0.119181 598.513200 5.921264
612 21.368300 0.119624 599.642400 5.932361
613 21.396700 0.119481 600.515600 5.948508
614 21.395900 0.119807 601.260800 5.960905
615 21.434600 0.119748 602.777200 5.973817
616 21.429900 0.120313 603.932600 5.995904
617 21.465000 0.120181 605.121200 6.015743
618 21.467600 0.120607 606.258800 6.023924
619 21.500300 0.120351 607.046400 6.031124
620 21.500400 0.120514 607.443200 6.033156
621 21.530900 0.120407 608.497600 6.052594
622 21.526100 0.120813 609.270200 6.055911
623 21.563300 0.120563 610.269100 6.069645
624 21.562700 0.121018 611.341400 6.085024
625 21.595600 0.120719 612.039500 6.090379
626 21.591900 0.121157 612.939200 6.101332
627 21.632000 0.121031 614.368000 6.118027
628 21.630000 0.121488 615.387800 6.130357
629 21.665700 0.121276 616.419200 6.141586
630 21.678000 0.121570 617.666000 6.149467
631 21.716100 0.121362 618.813600 6.156239
632 21.714200 0.121736 619.641400 6.160661
633 21.735700 0.121504 620.011200 6.165511
634 21.732200 0.121720 620.383800 6.166918
635 21.764100 0.121422 621.046000 6.176962
636 21.759300 0.121940 622.099500 6.183281
637 21.796500 0.121796 623.368000 6.198926
638 21.795400 0.122128 624.128800 6.210120
639 21.833200 0.121932 625.299200 6.216741
640 21.837600 0.122146 626.015800 6.225774
641 21.872400 0.121845 626.800800 6.233016
642 21.867300 0.122257 627.583500 6.239448
643 21.900100 0.121972 628.323200 6.251384
644 21.895100 0.122321 628.956200 6.253254
645 21.932600 0.122153 630.188700 6.276730
646 21.949700 0.122424 631.602100 6.290921
647 21.976300 0.122385 632.675100 6.304682
648 21.970300 0.122938 633.767300 6.317453
649 22.005200 0.122623 634.529500 6.315562
650 21.996300 0.122925 634.879800 6.321795
651 22.019500 0.122903 635.847400 6.336175
652 22.015900 0.123115 636.209800 6.340912
653 22.039300 0.122978 636.902400 6.352806
654 22.045100 0.123394 638.182700 6.373316
655 22.079100 0.123351 639.578000 6.392531
656 22.079800 0.123574 640.158100 6.391421
657 22.109900 0.123307 640.830000 6.396150
658 22.093600 0.123667 640.998700 6.407642
659 22.129200 0.123654 642.541200 6.436709
660 22.138700 0.123919 643.615900 6.440243
661 22.169200 0.123545 644.042200 6.443728
662 22.171100 0.124102 645.506900 6.457843
663 22.206300 0.124000 646.815900 6.471424
664 22.198300 0.124442 647.558400 6.479284
665 22.233600 0.124195 648.512300 6.485059
666 22.233900 0.124708 649.803100 6.503661
667 22.268500 0.124406 650.589000 6.512457
668 22.276200 0.124762 651.818800 6.526740
669 22.316600 0.124539 653.065400 6.540130
670 22.307700 0.124913 653.600700 6.542877
671 22.343100 0.124707 654.667100 6.552494
672 22.344100 0.125189 655.915600 6.566720
673 22.376100 0.124808 656.393900 6.566611
674 22.359100 0.125328 656.934200 6.574864
675 22.390800 0.125139 657.879200 6.584989
676 22.395900 0.125515 659.051600 6.599696
677 22.427400 0.125381 660.125200 6.613353
678 22.430300 0.125937 661.654200 6.632228
679 22.455600 0.125713 662.226000 6.641186
680 22.466600 0.126075 663.630800 6.655567
681 22.502400 0.125814 664.583500 6.658845
682 22.503200 0.126271 665.771600 6.677776
683 22.543000 0.126055 667.018000 6.692992
684 22.554500 0.126402 668.412700 6.696410
685 22.588800 0.126105 669.210800 6.696710
686 22.588200 0.126419 669.976800 6.698574
687 22.623000 0.126189 670.970800 6.702666
688 22.626100 0.126458 671.790600 6.710850
689 22.651500 0.126333 672.623600 6.716138
690 22.653500 0.126687 673.608400 6.727969
691 22.692800 0.126577 675.112400 6.749048
692 22.697800 0.126978 676.356900 6.771759
693 22.741600 0.126813 677.928000 6.786558
694 22.749400 0.127154 679.148600 6.793961
695 22.780500 0.126902 679.925200 6.788216
696 22.777000 0.127059 680.164300 6.790324
697 22.798300 0.126928 680.800400 6.797866
698 22.793900 0.127480 682.006300 6.822727
699 22.831500 0.127260 683.161200 6.836602
700 22.836900 0.127639 684.371600 6.853831
701 22.850000 0.127475 684.553200 6.854654
702 22.851000 0.127817 685.470800 6.868610
703 22.881500 0.127734 686.653200 6.894843
704 22.888200 0.127925 687.449200 6.902051
705 22.918000 0.127831 688.574000 6.911632
706 22.921700 0.128228 689.759300 6.926264
707 22.946700 0.127955 690.207200 6.923782
708 22.949000 0.128320 691.247400 6.934144
709 22.981800 0.128203 692.454000 6.950967
710 22.977300 0.128577 693.208500 6.957153
711 23.011800 0.128358 694.230700 6.965232
712 23.009200 0.128718 695.037900 6.974658
713 23.025700 0.128615 695.532000 6.988042
714 23.031400 0.128976 696.724600 7.000791
715 23.060800 0.128695 697.355200 6.996838
716 23.046000 0.129099 697.714000 7.008006
717 23.065600 0.128915 698.142800 7.020403
718 23.063400 0.129338 699.134200 7.034633
719 23.099200 0.129115 700.210800 7.043113
720 23.092600 0.129535 700.992200 7.051975
721 23.130600 0.129117 701.665200 7.060539
722 23.132400 0.129475 702.675100 7.066469
723 23.147500 0.129427 703.249900 7.081210
724 23.154300 0.129710 704.297000 7.094890
725 23.194000 0.129527 705.664000 7.108915
726 23.198800 0.130003 707.120800 7.126988
727 23.229600 0.129817 708.068400 7.137098
728 23.227500 0.130229 709.041000 7.145617
729 23.238200 0.130120 709.254200 7.158020
730 23.246600 0.130307 710.132600 7.165638
731 23.269500 0.130207 710.937100 7.173963
732 23.288100 0.130390 712.280400 7.181068
733 23.313100 0.130259 713.102400 7.187037
734 23.316200 0.130537 713.974000 7.194350
735 23.348500 0.130242 714.711000 7.198623
736 23.352500 0.130614 715.866800 7.220717
737 23.378000 0.130511 716.789900 7.230721
738 23.390000 0.130834 718.195800 7.234347
739 23.403000 0.130566 718.104300 7.236198
740 23.399800 0.131113 719.384600 7.254944
741 23.434500 0.130882 720.404700 7.260211
742 23.427000 0.131241 720.994000 7.266167
743 23.461300 0.131105 722.246000 7.284459
744 23.464800 0.131378 723.126400 7.286692
745 23.511400 0.131115 724.625500 7.289089
746 23.505000 0.131625 725.664600 7.303391
747 23.518400 0.131515 726.005500 7.321427
748 23.514100 0.131937 726.913600 7.328334
749 23.550300 0.131750 728.123900 7.333990
750 23.551700 0.132046 728.972200 7.336454
751 23.582400 0.131891 730.007900 7.341000
752 23.584800 0.132117 730.719400 7.348104
753 23.613700 0.131898 731.504600 7.362135
754 23.615500 0.132221 732.442000 7.365618
755 23.637000 0.132086 733.101200 7.370606
756 23.649100 0.132412 734.536000 7.381403
757 23.666300 0.132314 735.089500 7.390205
758 23.675800 0.132616 736.341200 7.405927
759 23.710700 0.132682 738.169600 7.435595
760 23.715700 0.132976 739.187600 7.444410
761 23.757900 0.132928 741.062400 7.465541
762 23.766100 0.133440 742.816700 7.487198
763 23.792500 0.133140 743.270000 7.490569
764 23.803000 0.133454 744.608500 7.500266
765 23.832100 0.133470 746.035500 7.523031
766 23.815600 0.134011 746.698000 7.540098
767 23.849300 0.133790 747.711600 7.548985
768 23.832900 0.134196 748.017600 7.552238
769 23.858100 0.133941 748.536800 7.551372
770 23.853700 0.134263 749.190200 7.557216
771 23.887300 0.133980 750.033500 7.563939
772 23.888100 0.134405 751.212800 7.585452
773 23.921500 0.134319 752.577900 7.605419
774 23.935000 0.134637 754.078800 7.613119
775 23.963800 0.134392 754.801200 7.617916
776 23.968900 0.134735 755.968800 7.640496
777 24.008500 0.134683 757.726800 7.663269
778 24.021300 0.135060 759.359600 7.679747
779 24.059200 0.134937 760.850000 7.695897
780 24.053700 0.135444 761.953800 7.702188
781 24.077200 0.135273 762.623100 7.711425
782 24.087900 0.135423 763.544800 7.717639
783 24.111400 0.135190 764.046400 7.717019
784 24.117000 0.135491 765.132500 7.728554
785 24.153100 0.135286 766.318800 7.736281
786 24.146000 0.135735 767.193700 7.747999
787 24.170800 0.135625 768.092800 7.761730
788 24.159700 0.135994 768.557300 7.780379
789 24.184900 0.135779 769.192400 7.789979
790 24.172400 0.136126 769.531600 7.787851
791 24.209600 0.135878 770.656400 7.794063
792 24.216800 0.136351 772.293100 7.811195
793 24.237300 0.136108 772.622200 7.821757
794 24.221400 0.136443 772.764900 7.830128
795 24.259400 0.136393 774.470300 7.854462
796 24.262000 0.136658 775.320300 7.866158
797 24.281500 0.136297 775.282600 7.866891
798 24.262200 0.136691 775.421200 7.862500
799 24.292100 0.136449 776.213100 7.859576
800 24.284000 0.136704 776.515200 7.852940
801 24.317200 0.136562 777.741500 7.876346
802 24.325300 0.136961 779.226800 7.888121
803 24.358300 0.136814 780.428400 7.893331
804 24.361000 0.137198 781.614300 7.912656
805 24.377600 0.137108 782.174400 7.919779
806 24.375900 0.137411 782.925400 7.919082
807 24.425300 0.137198 784.749100 7.927965
808 24.427700 0.137714 786.284600 7.944795
809 24.465200 0.137450 787.391200 7.955472
810 24.465200 0.137762 788.252200 7.963044
811 24.507800 0.137582 789.841900 7.979561
812 24.509000 0.137985 791.009600 7.985182
813 24.542700 0.137815 792.194000 7.993488
814 24.541000 0.138331 793.534600 8.009446
815 24.580500 0.138173 795.040300 8.027115
816 24.566400 0.138579 795.470200 8.038461
817 24.607800 0.138370 796.926300 8.052268
818 24.610600 0.138767 798.163800 8.073448
819 24.639300 0.138662 799.287900 8.086435
820 24.638300 0.139090 800.424800 8.106781
821 24.680900 0.138841 801.833900 8.126560
822 24.678800 0.138996 802.162200 8.121565
823 24.707800 0.138934 803.422800 8.133255
824 24.719400 0.139271 804.933000 8.147380
825 24.744500 0.139126 805.769200 8.148176
826 24.744100 0.139459 806.679100 8.152892
827 24.777000 0.139208 807.606300 8.156131
828 24.770500 0.139790 808.910500 8.179042
829 24.814600 0.139664 810.744400 8.201924
830 24.822500 0.140036 812.175600 8.211589
831 24.850200 0.139792 812.868800 8.224188
832 24.856900 0.140130 814.147700 8.235848
833 24.880500 0.140068 815.149600 8.248027
834 24.883700 0.140369 816.152000 8.260413
835 24.909100 0.140231 817.028800 8.263131
836 24.918600 0.140635 818.637000 8.268317
837 24.955500 0.140283 819.489200 8.272879
838 24.951200 0.140667 820.351300 8.274456
839 24.970500 0.140497 820.837200 8.284971
840 24.974100 0.140725 821.658400 8.292576
841 24.998300 0.140651 822.660400 8.298036
842 25.006500 0.140944 823.893800 8.300686
843 25.032300 0.140841 824.895600 8.317088
844 25.040000 0.141286 826.535000 8.338746
845 25.081000 0.141065 827.966000 8.343558
846 25.078600 0.141467 828.982000 8.359532
847 25.107100 0.141238 829.766000 8.368014
848 25.103000 0.141684 830.819900 8.384320
849 25.125600 0.141336 830.970000 8.391788
850 25.134000 0.141560 832.028000 8.400358
851 25.155600 0.141347 832.510400 8.405665
852 25.172900 0.141567 834.004200 8.420664
853 25.205800 0.141495 835.456800 8.442342
854 25.189600 0.141805 835.519500 8.445751
855 25.203700 0.141730 836.017200 8.453519
856 25.206000 0.142074 837.107800 8.467670
857 25.236600 0.141802 837.880400 8.472170
858 25.241200 0.142203 839.251400 8.492034
859 25.264900 0.142051 840.015200 8.502926
860 25.271900 0.142382 841.310600 8.510196
861 25.306400 0.142222 842.601600 8.524419
862 25.304900 0.142753 844.037000 8.540045
863 25.345300 0.142547 845.495200 8.553052
864 25.336400 0.142957 846.214600 8.559224
865 25.363500 0.142780 847.083600 8.577492
866 25.360100 0.142993 847.520400 8.576027
867 25.386000 0.142779 848.221200 8.592657
868 25.404100 0.143058 849.940400 8.603124
869 25.426300 0.143010 850.931600 8.612756
870 25.433100 0.143190 851.791500 8.619586
871 25.457300 0.143080 852.707200 8.630444
872 25.451400 0.143618 853.949100 8.644881
873 25.483500 0.143294 854.656000 8.648341
874 25.471300 0.143521 854.685700 8.647489
875 25.510500 0.143546 856.754800 8.676102
876 25.506000 0.143748 857.104400 8.675389
877 25.536100 0.143522 857.992800 8.682468
878 25.543500 0.143810 859.196500 8.694533
879 25.568500 0.143621 859.933100 8.701039
880 25.577200 0.143855 861.049300 8.701658
881 25.611400 0.143758 862.521400 8.726019
882 25.606200 0.144128 863.319600 8.735413
883 25.631200 0.144051 864.378800 8.756647
884 25.638300 0.144372 865.668100 8.762422
885 25.657600 0.144289 866.419600 8.771808
886 25.670100 0.144668 868.156000 8.790286
887 25.704600 0.144385 869.108400 8.802889
888 25.696900 0.144695 869.609000 8.809977
889 25.730100 0.144515 870.798200 8.824757
890 25.728700 0.144831 871.638700 8.834032
891 25.759600 0.144655 872.719200 8.853508
892 25.764500 0.144989 873.939400 8.864131
893 25.792500 0.144780 874.778000 8.873808
894 25.789600 0.145105 875.570500 8.879805
895 25.811900 0.144866 876.028800 8.883378
896 25.817400 0.145209 877.307900 8.889373
897 25.837300 0.145140 878.133600 8.898922
898 25.839000 0.145457 879.142700 8.900261
899 25.866100 0.145356 880.249500 8.918928
900 25.865000 0.145662 881.084600 8.916639
901 25.897200 0.145613 882.606700 8.938684
902 25.898900 0.145857 883.407500 8.944204
903 25.923100 0.145769 884.405500 8.957786
904 25.936200 0.145940 885.583600 8.959621
905 25.979100 0.145816 887.448000 8.977981
906 25.968000 0.146278 888.219600 8.996943
907 26.009400 0.146076 889.781600 9.006760
908 26.008000 0.146275 890.290400 9.004350
909 26.027400 0.146262 891.261200 9.020367
910 26.035800 0.146438 892.215700 9.021627
911 26.054500 0.146188 892.457600 9.025892
912 26.048100 0.146516 893.083700 9.028843
913 26.076200 0.146310 893.944000 9.041334
914 26.075100 0.146623 894.804000 9.043477
915 26.101500 0.146605 896.128000 9.051032
916 26.106000 0.146777 896.868300 9.060727
917 26.130000 0.146548 897.449500 9.068132
918 26.125200 0.146984 898.479200 9.081747
919 26.145400 0.146880 899.230700 9.093953
920 26.152500 0.147147 900.385500 9.094439
921 26.175800 0.146956 901.042200 9.094101
922 26.178200 0.147259 902.061500 9.105969
923 26.207500 0.147072 903.044700 9.108874
924 26.202000 0.147385 903.677800 9.122121
925 26.248200 0.147202 905.561900 9.130902
926 26.240600 0.147551 906.191900 9.129009
927 26.284300 0.147252 907.605600 9.145301
928 26.273600 0.147621 908.130100 9.147884
929 26.302700 0.147400 909.009000 9.158002
930 26.293600 0.147801 909.712600 9.168919
931 26.315900 0.147796 910.871400 9.190491
932 26.319400 0.148092 911.932200 9.190560
933 26.363100 0.147829 913.455000 9.204022
934 26.367400 0.148038 914.301800 9.208820
935 26.394700 0.147940 915.451400 9.212475
936 26.386100 0.148166 915.665600 9.211146
937 26.414000 0.147919 916.407100 9.217101
938 26.422700 0.148209 917.726100 9.216960
939 26.444000 0.148013 918.271100 9.229623
940 26.445800 0.148367 919.414700 9.238765
941 26.473000 0.148093 920.044300 9.238617
942 26.488000 0.148461 921.929400 9.261232
943 26.515200 0.148375 923.114200 9.277607
944 26.521200 0.148566 924.000900 9.289979
945 26.542000 0.148469 924.817100 9.296173
946 26.527400 0.148827 925.105100 9.304953
947 26.540300 0.148740 925.529500 9.312165
948 26.541500 0.149006 926.386800 9.314460
949 26.575400 0.148819 927.630300 9.317956
950 26.565700 0.149039 927.768800 9.333404
951 26.590600 0.148983 928.925200 9.350121
952 26.592300 0.149267 929.863400 9.353900
953 26.598600 0.149194 929.980400 9.350318
954 26.602200 0.149486 931.044600 9.364364
955 26.618900 0.149387 931.637900 9.374096
956 26.613300 0.149638 932.089600 9.373866
957 26.643200 0.149283 932.621200 9.376724
958 26.631100 0.149546 932.762400 9.376739
959 26.660700 0.149328 933.687200 9.384040
960 26.649600 0.149781 934.451600 9.392355
961 26.686300 0.149629 935.953200 9.412921
962 26.673700 0.149931 936.184400 9.423612
963 26.704000 0.149874 937.633200 9.442222
964 26.715000 0.150165 939.092400 9.457679
965 26.740300 0.150121 940.313600 9.473115
966 26.740800 0.150446 941.314800 9.483556
967 26.789500 0.150137 942.995600 9.489317
968 26.789800 0.150536 944.208500 9.499839
969 26.820800 0.150488 945.726000 9.521764
970 26.827000 0.150832 947.094700 9.548716
971 26.848600 0.150670 947.768400 9.555492
972 26.847600 0.150942 948.533400 9.555940
973 26.867900 0.150936 949.605600 9.570552
974 26.879900 0.150917 950.192800 9.562672
975 26.908300 0.150844 951.501600 9.582635
976 26.909200 0.151096 952.308600 9.591133
977 26.917900 0.151065 952.683100 9.595791
978 26.932700 0.151345 954.326800 9.625888
979 26.967500 0.151301 956.069900 9.644873
980 26.960000 0.151583 956.520200 9.654700
981 26.983400 0.151434 957.331900 9.661882
982 26.976600 0.151856 958.244700 9.671980
983 27.003200 0.151576 958.829500 9.686843
984 26.997800 0.151901 959.525100 9.693293
985 27.035400 0.151651 960.797900 9.712597
986 27.023500 0.152137 961.628800 9.721338
987 27.057600 0.151962 962.942300 9.737145
988 27.059300 0.152345 964.200300 9.757990
989 27.089900 0.151989 964.773600 9.746154
990 27.087700 0.152396 965.892800 9.749136
991 27.123400 0.152262 967.419100 9.756945
992 27.124900 0.152486 968.182800 9.765997
993 27.151900 0.152386 969.344000 9.776690
994 27.149900 0.152590 969.855900 9.781805
995 27.181600 0.152602 971.616300 9.812973
996 27.176700 0.152887 972.221600 9.831268
997 27.196000 0.152732 972.796400 9.834795
998 27.193200 0.153040 973.584200 9.839655
999 27.222400 0.152869 974.651200 9.842976
1000 27.216800 0.153174 975.279000 9.846769
