-6 -12
5 11
3 -31
4 26
-3 5
-14 -2
8 28
13 -11
-60 -44
18 -30
-8 -4
-31 17
2 -14
40 -10
15 15
26 16
-10 4
7 3
-3 -9
3 -15
-16 -18
4 50
31 9
6 26
16 -8
24 -16
-6 -8
-35 -3
8 10
6 6
-34 -26
-19 -11
28 -16
6 48
-6 -4
27 45
-20 4
12 2
3 -13
-8 -16
22 20
-6 12
-6 20
6 -38
1 -11
-28 -26
9 -11
-10 -34
4 -4
-20 -6
-4 -16
-32 2
-31 17
-37 -3
39 15
-61 9
10 -10
11 9
-25 -37
15 -7
18 -4
-10 30
20 8
-12 28
-8 26
4 18
-16 26
41 33
36 -28
-12 -22
-17 9
-14 6
-29 -35
34 -44
6 -10
-18 42
17 -19
-5 21
-9 17
41 -17
-4 -30
22 -4
14 -42
4 38
25 5
26 24
-41 11
-3 -5
-15 -9
21 -9
-24 -6
-16 0
-18 2
3 -1
-13 -13
7 1
-18 -12
-13 -1
-13 23
-19 -25
1 21
-20 30
22 16
-10 12
17 -3
-25 9
33 41
28 40
13 -9
38 -16
-5 1
16 -10
12 -10
10 0
-10 20
-4 -4
1 7
15 5
-32 -18
-6 -2
-16 -12
5 13
-6 -16
50 -2
-6 10
-11 43
26 10
19 -11
17 19
-38 8
11 -7
-36 14
-13 11
-33 5
-2 -22
40 -6
-6 -22
-4 -16
4 8
10 -24
-41 -17
-18 -18
-3 -45
-38 -10
-9 -7
-9 23
-23 45
39 15
14 16
-7 -21
-25 -13
4 -2
-7 -3
18 2
-19 15
-10 14
-15 15
12 -30
3 -13
-18 12
15 3
61 55
13 -5
6 0
11 -9
37 15
-37 -19
-22 -36
-29 -25
10 -16
43 3
-18 -20
26 40
10 4
-16 6
-26 -2
24 -16
-22 -6
-12 -20
-4 -26
-36 14
-53 -3
38 0
23 15
20 -22
-2 32
-30 -10
-1 -13
10 -10
-31 -13
5 5
-42 14
-2 8
0 24
-27 27
29 -1
-11 1
-12 18
-7 3
-3 13
4 2
19 -35
-34 22
-16 -20
20 4
-55 3
14 2
-36 -22
-5 -11
4 2
1 -11
-1 -3
11 -45
-20 16
11 -1
7 -7
6 -6
16 -2
18 -56
35 1
16 -8
2 6
-10 0
-1 -33
36 -14
-5 21
36 -24
-9 -35
4 -18
5 13
10 -28
-11 15
13 -7
25 29
10 34
-32 -4
24 -26
-40 14
-20 -8
-2 -32
8 38
-29 -37
13 25
-10 -26
31 -3
-21 -9
-21 -9
24 -10
-9 1
-26 50
10 -2
25 -7
10 10
15 53
-23 1
13 -43
-40 -4
0 -6
-11 -25
6 28
-9 27
-20 4
-42 -2
-28 -48
-21 -5
29 -23
21 -5
-44 6
21 7
-35 27
44 -8
28 32
-31 -7
0 -28
-18 -8
25 -27
-19 3
-45 -7
2 0
21 33
-13 17
9 -5
-5 -5
-40 18
-5 -11
-15 41
-24 -6
8 34
-21 -5
19 -33
36 -2
39 37
-11 7
-7 -19
-7 1
20 8
-5 -29
20 -4
-13 -3
13 -7
27 15
-13 -27
-13 -7
-20 4
19 -9
19 25
-49 -3
3 -13
7 9
-1 -17
13 -3
19 37
-16 -24
-17 -41
-6 12
-7 -13
-31 15
1 -21
18 6
-2 -2
23 1
12 0
30 10
24 -16
41 -31
2 -24
-8 -32
-21 3
-58 -12
-27 5
-24 -6
28 20
16 22
23 25
30 -22
-49 -35
-3 -9
2 -10
-17 27
7 47
-17 -31
9 3
9 9
-9 25
-3 17
12 -18
-19 -33
14 -6
36 -34
-8 14
22 14
24 10
-1 -13
12 -4
32 16
33 -15
4 -10
-13 3
-16 2
-8 18
3 29
18 6
-10 4
10 6
26 -8
0 -14
9 15
-11 -11
13 -1
30 -18
-23 -3
-24 0
22 24
-25 -17
2 -28
-51 51
10 2
-6 -4
32 14
-24 -4
13 15
-27 -15
-24 20
5 -27
-9 5
25 1
-21 -35
-17 -23
-5 13
-40 22
27 -23
-28 40
-9 -37
-30 6
13 -5
18 -6
26 -2
3 49
-9 -5
23 -27
-2 -2
-8 4
-34 34
-15 9
26 12
0 -4
7 -51
36 -2
-17 33
29 29
-24 -20
-19 -9
26 8
27 3
-26 -8
42 -8
-13 13
0 10
15 9
17 -17
-7 -7
-26 -8
15 -15
2 10
31 37
-24 -16
0 18
-39 9
-16 4
44 26
-5 -21
-43 19
12 -8
-20 -4
6 30
-1 1
-47 27
-31 1
23 -25
16 4
-5 39
18 -14
28 20
-13 -23
-17 5
29 31
-16 -42
14 -18
-6 -42
-2 -30
39 -13
10 -4
-18 8
25 -1
1 -5
0 -16
-29 -1
8 0
-46 22
8 -12
24 6
-11 31
9 37
35 51
-6 4
17 -3
50 40
-11 13
12 -28
44 -30
48 2
-16 22
11 17
-9 -33
-3 -27
8 -16
25 -1
19 37
-12 -16
5 7
30 -44
1 25
-30 8
-8 16
-28 32
8 -28
-23 -21
-39 -17
-2 6
-21 -53
46 -16
-37 13
-2 4
12 14
10 38
26 2
19 7
-11 -45
11 37
52 -4
-17 -35
-3 33
25 -17
-24 -12
-19 -67
-28 -18
4 26
-11 15
4 10
-9 7
13 35
18 22
-11 7
-51 -31
36 -8
-17 -15
6 -60
12 18
-6 2
-24 -24
1 -1
-19 -9
-26 -20
19 5
11 9
-18 6
-26 -30
0 14
9 53
11 19
-5 -3
-11 -21
-25 -11
9 -13
15 -3
18 -36
30 22
-18 -32
24 12
-13 -59
-16 18
10 -4
-27 43
-1 -13
-3 -23
30 -32
47 -5
3 39
-60 -6
-12 38
1 -15
20 0
4 4
-16 16
27 5
-9 15
-36 8
33 5
-1 25
-17 -3
30 -10
47 3
-22 -30
29 -51
-23 -31
-1 39
4 6
-18 -14
-30 12
-17 11
-32 14
29 35
-20 -14
38 -40
18 -4
11 31
0 -22
-28 14
24 30
-10 0
23 -37
-30 16
-5 -19
-9 43
-21 7
11 17
-29 15
-12 16
19 37
11 13
-1 -19
-18 -14
-9 -9
-26 14
-5 -25
-21 11
0 -2
30 14
26 28
8 0
-3 -15
1 17
30 -26
29 -9
12 2
17 33
-11 43
-16 -22
-60 -14
15 -3
65 -29
-12 -28
-21 3
-46 14
19 1
3 -7
24 -28
-9 -25
27 11
-22 20
-2 6
-28 20
-17 -41
-25 49
14 28
4 42
7 3
29 17
-26 -10
48 22
-5 -35
26 -14
13 -43
-7 31
9 61
-1 -15
-27 -15
7 9
28 -14
-2 0
-3 -9
11 -11
29 7
-43 45
24 8
24 14
7 31
9 5
16 2
-20 -48
23 -1
32 30
8 -18
-5 -7
-31 -19
0 -4
-22 42
-22 14
15 -3
-34 -4
-12 2
-9 33
18 12
-6 6
-11 17
10 52
-1 21
6 -18
-16 -8
-16 4
-6 8
-4 26
-9 11
15 7
-27 9
8 28
2 6
-44 8
0 2
-21 21
5 -7
-4 -2
7 27
18 -12
-4 -42
-37 9
3 17
9 -1
5 -25
11 -1
-20 -12
-10 -34
-1 3
5 -21
-34 12
24 -2
17 19
26 -34
24 10
4 -30
32 -2
-10 10
-11 -25
6 12
-15 -13
2 30
16 42
-46 -2
15 5
2 -26
-21 29
-30 44
19 13
-37 11
-36 8
46 -26
-18 8
-21 15
14 -20
-35 -25
0 30
30 6
7 13
-49 33
24 -40
55 -15
-3 1
1 -1
-12 68
32 -10
9 15
-16 2
-27 -33
-3 -15
-39 15
25 -9
5 11
-3 -31
22 -28
30 2
12 -8
-7 1
-9 -47
-4 -30
-20 24
33 -17
-23 -21
-1 -7
-20 32
7 17
13 15
-15 11
18 18
27 -11
-13 23
17 -7
-11 -7
-29 11
-7 7
13 -37
-11 -23
-28 22
9 -19
2 26
-55 35
-18 -4
-4 2
1 -5
4 -52
-18 10
-20 4
14 6
-34 -10
24 22
-10 -32
26 20
41 17
-7 -31
-19 7
2 12
29 13
-38 -16
-3 1
18 12
19 5
-1 13
-46 -6
-22 -4
-18 6
10 8
-23 35
-17 53
-17 -13
13 43
0 24
9 37
-22 12
0 -22
37 -25
13 -17
-12 18
12 -10
-23 23
-5 -17
-6 -8
22 -14
1 -19
-22 -2
40 -8
3 -3
14 -20
-36 -24
-8 -8
-41 31
-2 8
8 -4
-6 -22
-5 -7
-1 -1
34 8
5 5
33 -45
24 44
-14 14
8 14
-22 -6
-10 -12
14 18
16 -14
3 9
-14 8
20 36
-17 -29
3 -1
-41 23
8 36
24 6
46 18
28 -10
-6 -10
33 -3
-10 -8
23 1
-1 3
14 -12
-7 15
-2 -12
-6 -20
9 15
44 -26
-43 21
6 -22
5 -51
-23 -45
8 30
-24 18
30 -18
-11 -11
-23 25
22 -4
74 -32
1 19
17 7
3 -31
16 -14
60 20
-40 -16
18 -20
-10 -14
-16 -16
48 16
9 23
-39 9
9 -7
1 -7
-11 -19
-24 38
41 -5
-21 -3
15 7
-21 -29
11 -7
-34 -74
14 -14
12 -4
2 -28
-12 14
-9 53
-23 13
11 13
-11 25
-32 28
-46 10
-10 12
37 17
-33 1
46 -14
-35 7
-34 0
16 -14
-4 4
31 17
10 -8
-29 -45
-2 32
1 3
-7 11
-45 -3
27 21
8 18
-29 7
-12 -10
-21 -29
26 -12
7 31
21 -13
12 -4
6 40
-5 3
-13 -21
-35 -25
17 -39
10 -22
14 4
-7 31
-25 39
4 36
-19 7
-26 -24
9 -39
14 12
-1 -3
31 -17
-27 -11
6 32
0 -6
-8 -22
-31 -29
-7 25
6 18
3 -15
-32 -2
17 1
-24 -28
16 -8
8 10
-12 -4
-10 -10
-30 8
-20 18
14 0
-23 21
-8 2
-38 -30
-26 -26
33 9
5 -33
28 18
-8 56
42 22
3 27
-13 -71
15 -15
24 48
-11 -23
31 61
-2 -6
-29 11
3 -27
22 -6
25 -27
13 11
-29 -27
47 1
-25 -31
0 -22
-14 -4
21 -13
19 -11
-4 -36
0 -12
5 -1
-13 25
8 42
-52 20
-11 -1
-2 -12
41 9
0 -26
29 7
53 9
-12 12
6 12
-9 1
-5 17
-19 -3
-14 -24
33 -41
-14 -46
-22 -40
-17 31
41 -41
4 -40
27 -53
-7 21
45 -7
17 -9
34 14
10 -40
3 1
40 -26
-28 4
7 15
22 -14
-12 40
-27 1
2 -28
6 -20
-5 -25
-44 -38
-11 31
14 -24
8 0
-5 -11
21 9
42 2
-23 13
8 -22
15 13
-29 33
-10 30
8 -12
-1 39
-30 -32
2 -18
-31 -19
-31 39
18 -14
1 -7
-2 -14
-2 30
38 -12
-6 4
-25 -11
-19 -17
-35 7
10 -28
16 10
44 10
-39 -3
17 69
6 -12
-29 1
-14 4
44 -20
-8 4
-60 -4
-13 -23
-24 8
-30 4
13 -13
31 -5
-14 2
-35 17
1 29
-3 1
-5 11
-34 -6
4 -2
-7 -5
38 36
5 3
7 3
20 -2
-17 29
-29 1
23 11
25 31
26 4
33 9
-7 -13
16 -12
4 -2
17 -3
-9 13
-19 27
-43 15
-33 1
-21 -23
11 17
16 4
21 -7
-26 -4
-34 20
-16 10
14 14
6 -40
26 6
-23 -3
-6 -38
26 -34
17 15
21 -1
-26 -34
7 11
23 29
47 3
4 10
21 29
22 60
25 -15
13 -31
10 2
9 -9
-2 4
9 -11
10 -40
7 -33
31 -21
-4 42
14 -8
37 -25
15 33
-1 -7
-7 -5
-18 14
2 4
-18 -26
-14 16
-2 -2
7 25
28 -28
2 14
-11 -37
-13 -1
29 -9
-11 -19
13 27
5 35
-13 -17
24 12
-3 -37
42 -14
2 -4
-27 29
2 36
-7 3
-34 -30
-48 -38
-13 -37
-17 -21
-11 -19
-17 23
-29 13
-12 -26
-13 -31
-14 10
14 -40
11 47
10 -10
-12 -30
24 -4
24 20
-59 -1
-11 -9
49 -1
0 -18
31 -21
-4 30
-25 25
26 12
-30 -28
-19 17
-2 8
11 -9
-32 -38
31 -9
-30 -22
-23 21
-21 -9
-28 26
-5 -5
15 -1
6 -4
-38 -8
2 -56
-8 -6
5 13
16 14
9 -13
13 51
29 41
29 -15
-28 -12
-24 -8
15 31
25 -3
28 -8
5 -9
19 5
-4 18
-3 -13
-15 31
7 -13
3 -35
21 7
11 17
23 -19
23 -3
-38 -20
39 15
1 13
-4 0
28 -32
-32 0
54 40
-23 33
-12 14
-8 10
73 -29
-1 -21
9 -5
-26 16
-17 -7
-22 -32
-2 -20
14 -20
-9 25
23 -21
9 -29
7 15
-29 15
-2 -2
-19 39
13 3
-7 -35
7 -1
-3 5
5 37
16 6
25 9
30 52
-6 16
-24 42
-1 -15
-3 -27
-9 -13
-43 15
11 15
-4 4
-8 -4
58 18
-28 0
4 -32
-19 31
-3 -27
-4 16
36 -10
-34 4
-41 -1
1 33
-18 20
7 -9
-11 -21
-37 -37
16 32
1 11
48 -10
-38 4
-14 -12
5 -23
-6 22
-24 -56
-12 -14
2 -32
-26 6
6 18
5 -11
-7 -7
-1 -1
-55 31
-28 -2
6 40
-9 11
18 2
9 -21
-5 -1
5 9
-12 -58
-4 -26
-7 -17
23 -31
-38 -6
17 23
-3 9
13 -13
-11 -15
-26 -44
3 5
51 -11
-8 14
16 -2
14 -4
-9 -1
-9 5
-12 -10
11 69
29 -27
1 19
71 -19
5 53
38 14
-15 19
10 -12
-26 10
-17 -35
-10 -18
8 6
2 -36
18 14
-12 2
-14 -24
-5 13
-9 35
-17 -3
14 4
-18 8
10 16
-3 -1
-55 -27
-6 -40
-19 -1
34 -24
17 -57
33 1
36 -36
-25 21
13 -47
20 6
-34 14
12 2
-31 -29
-24 30
-1 -15
-25 19
-35 -21
-3 -13
22 18
9 -25
29 -19
13 17
-12 16
10 22
13 -1
40 -12
-7 -23
13 3
-12 10
-19 -35
2 -28
-9 3
-1 5
-35 -5
6 0
-36 18
-30 34
30 -16
-1 -5
-4 -16
-3 11
30 -6
-42 0
11 31
38 -18
-10 -8
12 -12
6 -2
16 -2
-1 -9
-15 5
11 23
7 -23
26 4
-7 -23
29 -31
-3 -1
2 24
2 8
23 1
29 7
-27 13
12 0
-43 17
32 -12
-10 20
12 -18
9 -7
21 5
-5 3
42 14
-14 70
21 -19
-4 -18
-9 11
0 -8
-12 32
15 51
-20 4
-35 -25
-35 -19
-1 -63
6 10
13 -7
-32 10
-2 -70
-2 18
-39 25
16 0
27 31
5 19
-12 30
18 -2
-30 -8
-11 19
-11 7
-3 -13
-21 33
-33 43
25 3
21 5
10 -34
-7 7
21 13
5 -17
-10 34
52 -4
9 15
-14 -2
-13 -31
-19 33
-4 34
-18 0
-8 -4
27 35
35 17
7 -13
-23 -15
15 -33
-32 -10
3 -19
4 24
-3 -15
-45 -19
-1 19
23 -23
7 11
-22 16
-7 -1
12 -6
-23 21
-1 9
-3 -35
-1 -27
9 -5
-49 -1
2 -36
-13 23
-23 13
-27 45
6 -2
20 42
15 19
20 0
0 -6
-12 -6
30 -14
-25 17
-10 28
-4 4
-11 -13
-10 -28
-2 16
27 -19
-47 3
-3 -17
41 3
15 1
-11 13
-24 -2
12 22
-16 10
-14 28
-24 -16
-21 19
3 -15
-26 2
-11 -25
-3 -33
-3 -11
21 5
-59 -45
-3 5
24 -6
41 -13
-26 -2
32 -18
32 -14
34 16
-1 35
-54 8
17 35
-21 17
0 -8
50 10
-1 9
-9 -15
8 0
-2 -36
-12 -2
-3 -37
25 -11
20 16
21 23
-16 16
9 7
19 -25
-19 5
-16 0
-3 3
48 12
-15 23
-15 -5
-12 -16
33 -11
35 -7
24 -6
-16 -28
10 -4
29 -7
0 6
-7 -5
13 29
1 -31
30 26
-8 32
-28 16
32 -30
6 2
19 53
41 -9
30 -22
-14 32
-10 -6
0 4
-10 -4
-11 -39
-2 -22
-19 13
-9 -5
29 3
28 2
-17 -23
-11 -31
-3 41
16 28
-52 -12
7 -17
-5 -31
-25 -3
-15 27
-11 -13
-7 11
-23 -9
-44 -4
41 -39
-26 24
-18 -30
9 -41
22 -10
27 7
26 -10
-7 25
24 -36
-9 -9
8 8
11 9
9 21
-47 -9
41 47
14 26
34 18
-10 4
-26 -2
21 -9
-8 -18
33 -23
-23 -23
-11 -45
-51 -7
6 14
36 -48
-1 -31
-17 3
7 7
9 -3
-21 11
-4 8
-1 -45
-31 5
2 12
-44 -38
4 -4
-14 2
-5 7
45 -21
31 23
33 -19
-7 31
-14 -34
19 7
17 19
16 -22
22 -10
20 10
-13 -17
23 -3
-41 -15
-17 21
6 10
-9 -23
-31 7
-8 10
-17 -31
14 -12
-21 -19
-26 6
31 -25
20 28
-14 16
29 -11
-7 -1
-19 -33
-1 9
-12 -4
-47 3
-18 -2
1 -7
11 15
21 -7
29 -1
-50 22
34 -28
-12 -6
22 18
-1 25
5 -7
-18 -28
64 2
-11 21
2 -2
-8 0
4 -18
30 10
22 -26
-9 -51
32 -4
10 36
6 -66
-19 -31
19 5
5 -1
3 -5
25 7
6 22
2 22
-10 16
39 -17
-37 17
1 25
22 -6
-2 18
-19 -17
7 21
21 21
16 16
-24 28
4 32
-14 2
-16 -10
14 0
-15 19
25 21
-13 -3
-28 -36
-6 16
19 13
-1 27
-16 -20
35 15
-29 -11
8 0
27 -15
-4 -12
-33 7
31 -41
3 -23
29 41
0 4
12 12
26 2
-19 -11
38 30
31 -11
-1 27
0 38
-29 9
32 34
-9 -15
-7 35
23 15
11 11
1 31
27 23
16 24
7 -7
26 -44
8 38
-5 5
9 3
5 21
3 -1
-3 -9
-20 8
-18 20
14 14
7 -7
25 -21
4 44
15 45
-44 -12
-1 -17
-19 -9
-31 37
-13 7
-1 11
-46 -10
14 2
-12 16
12 22
34 -10
7 31
4 46
12 12
-2 -34
-25 -3
12 48
-2 24
-6 -8
-26 48
-23 5
1 -1
24 40
10 6
-19 29
23 -9
-1 -5
-33 45
-21 -7
-27 -13
7 -9
7 3
4 -14
46 22
-6 -16
-21 -5
35 1
-7 -7
-4 46
16 8
-46 2
51 15
8 14
-10 -38
22 -26
-29 -39
22 -20
0 -2
10 -18
-10 6
14 -22
-10 -42
0 -16
-8 20
4 -64
-27 -7
-23 -11
4 -8
-27 33
-3 13
-14 -8
-14 12
-24 -12
7 3
16 2
22 -22
6 10
3 -15
21 -1
4 -2
-15 13
3 -27
7 -7
8 18
4 54
18 -4
-12 32
21 -21
9 -9
28 16
13 15
-7 -37
-34 0
5 -7
-9 -23
24 -6
0 26
31 27
-1 -11
-17 -1
-33 21
-1 -19
-5 35
-14 20
11 1
-5 21
-20 -2
-7 1
-8 -34
11 -3
12 -4
18 22
-12 -4
20 -28
-20 38
-32 28
51 19
9 -5
23 -23
34 -2
-7 11
4 34
-38 -30
-36 36
13 7
-19 1
-41 11
-25 -43
4 2
-3 -9
0 -22
15 29
30 -6
-13 -3
-5 -7
10 -16
2 -28
-33 27
-15 -27
-6 -10
36 -14
-16 -4
4 8
-37 17
-19 -7
-14 -16
-24 0
42 34
44 -46
-19 -5
1 21
17 21
-13 5
-26 -56
-8 -20
-52 24
-15 35
13 15
-43 -13
-30 22
11 1
-5 5
3 -17
-20 -30
-12 -10
41 1
-13 -25
-39 13
8 -6
21 -19
47 -29
-10 -50
0 14
12 -20
20 0
28 -10
5 -35
16 -4
-13 -53
7 29
-18 2
-3 55
-32 -10
-1 21
-52 -14
43 19
15 -23
22 4
12 8
-4 -6
-27 -31
10 24
31 15
-3 29
28 -8
7 -13
21 -11
28 -6
-17 -15
6 -24
-23 -41
21 11
-5 11
-7 -3
-20 -16
-12 24
-21 -25
-40 8
14 -30
14 20
-11 -1
-29 1
10 -16
29 -17
4 10
5 5
-37 5
19 -21
-34 -16
-17 -13
7 -23
-7 11
-37 27
20 -12
8 16
-33 -7
3 11
-10 26
26 28
9 19
-24 -12
-20 12
-32 -20
8 -40
-25 15
5 -19
0 -24
-31 -25
-18 16
-47 -39
-34 28
33 25
-16 0
-43 23
1 -7
44 -16
-1 33
-4 -24
6 18
-29 -29
35 -1
0 -16
43 -17
21 1
-20 16
-14 -8
-37 -1
1 -37
-22 -8
-16 8
25 -33
6 -28
2 18
-16 0
48 -10
-2 -4
2 -4
-33 -13
-46 14
-4 2
0 -14
-3 3
17 -11
-35 9
27 25
-3 -25
-35 -9
24 -4
16 18
-57 3
41 1
15 5
39 -23
-21 -3
-13 -21
-6 -14
-41 -27
24 -16
-12 -6
-33 -51
-17 -27
2 -18
-15 7
20 30
-64 -46
-13 -3
-5 5
-9 -27
4 -14
12 -8
-22 26
-57 21
20 22
-23 3
11 -3
8 14
-16 2
2 16
17 35
-20 -4
-60 4
7 -27
-11 -31
-2 -12
-27 -29
-24 -46
-19 -3
-21 -7
-6 -6
31 17
-8 -8
-23 29
7 13
-18 22
3 -23
-9 39
-4 16
-13 13
-8 -2
0 -8
13 -13
-55 9
9 -21
9 -35
-21 -3
-6 20
-5 1
13 1
-3 -39
8 -26
-6 -20
4 -34
1 17
13 -7
-2 16
1 -9
-1 -3
-18 10
5 -5
7 -1
-10 14
1 -25
-16 10
22 26
26 -2
36 14
-13 -15
47 -9
6 -22
8 50
8 -34
19 15
16 -20
31 21
4 -6
28 -2
-5 -19
-16 36
5 -5
-9 -25
-4 30
-10 22
-12 -18
30 -2
8 42
44 -36
20 0
-14 -18
-6 26
27 7
12 -8
2 4
24 12
-31 25
-1 -9
20 24
-22 6
28 -20
14 0
16 -16
1 -29
35 -15
-51 15
39 7
18 -10
-3 -17
-4 10
11 -39
1 -7
26 0
29 21
0 -10
11 9
-23 -31
-38 26
30 -22
-9 -15
-2 -8
58 -18
-16 34
3 29
-21 -25
10 22
3 17
8 0
-20 -20
6 -30
6 -36
7 9
-23 -17
-22 10
-6 48
-20 0
11 9
20 26
39 21
24 14
-7 -9
-3 3
-20 12
8 -10
-30 34
-23 -35
-11 -9
-21 -1
7 -51
-25 5
-1 19
-14 -6
-8 6
-17 53
-2 2
-27 1
25 11
-21 -7
26 6
4 -6
38 30
-22 -20
-12 10
-11 -3
-9 15
21 19
22 6
-15 23
40 -2
-18 2
-39 25
6 -20
-19 -57
3 1
-24 -32
4 -26
-17 31
10 -12
6 20
7 41
4 34
10 18
-24 -8
3 -3
5 13
-26 -10
-4 36
21 -21
-42 -8
-27 -3
39 35
-30 2
7 -15
-19 19
17 -1
-2 26
-20 -2
36 46
-16 -14
-10 18
-17 37
-17 -3
12 10
-5 15
32 2
37 19
-7 13
0 -6
31 31
-8 -20
7 11
-23 -35
3 33
67 -1
1 5
7 -5
8 0
15 29
-6 -20
56 -4
-12 4
-13 7
-24 -4
15 -23
0 -42
12 26
8 32
3 -29
2 -42
-8 -20
27 7
30 16
-12 44
-37 -31
39 -27
-9 -5
-17 43
5 3
10 14
6 -32
-29 25
-1 -1
-24 26
17 -3
2 -28
-21 -3
-5 -11
8 -20
-31 -15
0 -40
-8 20
15 37
-26 -54
-30 -14
-16 34
23 -1
16 -10
-7 -1
1 -7
31 -19
50 -14
-35 3
3 19
-1 23
9 21
-9 -29
-40 24
22 4
-8 6
15 -17
-20 -10
-32 16
30 22
3 -3
7 41
-11 -19
9 39
-22 -20
-14 -8
37 19
-37 27
-16 -10
14 20
16 -34
28 -22
-10 68
13 -3
-44 16
-19 -51
31 1
-3 -45
1 11
40 16
55 -7
-36 -40
-3 -17
-2 12
5 -29
9 -17
6 58
-19 -11
-6 6
4 6
6 14
8 14
20 -22
-15 31
27 7
14 16
10 -8
-10 26
16 -10
4 -8
-8 -56
16 18
35 3
-35 -5
21 -5
-7 11
-10 -16
-41 13
-4 16
-4 22
3 -3
-27 11
5 -9
-38 8
12 -10
-11 -5
18 36
-13 -31
-4 18
-32 -6
3 -9
-12 -8
19 1
21 27
9 -15
12 10
16 52
-9 -29
-31 33
-20 10
-45 39
-3 -1
-11 -55
3 -15
16 -14
5 33
-30 40
9 -7
-7 -35
29 15
-9 13
-12 -2
-2 -16
9 -9
-15 39
18 -32
-13 3
-8 -10
4 -18
17 -41
7 -7
-5 11
4 2
27 -13
-14 -36
-12 -8
1 -11
-10 -6
15 37
15 -25
-21 23
-24 -14
-32 32
9 7
29 -11
-22 -2
6 14
23 -9
-15 -1
-16 38
1 13
15 -13
31 -9
-28 -4
5 -13
8 -12
-19 -15
15 -11
12 -8
-20 -12
3 3
-1 1
10 -14
3 9
-40 -14
18 -38
-7 -33
8 2
43 13
7 -9
1 5
-38 12
33 -23
12 4
-47 -15
12 -2
32 10
-10 6
-4 2
-13 -19
-22 -24
-17 -15
58 8
-10 12
-10 -4
19 -15
0 24
7 -45
-9 23
20 -30
-4 24
-24 -12
-29 3
1 -7
-24 6
16 -20
-29 7
10 10
37 -15
8 -26
22 54
-33 -1
-23 1
22 -8
16 -22
-29 23
-13 43
13 -9
-26 18
-5 -25
10 -28
-11 -7
5 -3
15 45
-50 -40
9 -17
3 -21
0 36
-27 -15
1 3
30 0
-5 -15
32 14
-16 10
-31 -5
-40 -4
-6 0
-18 -4
3 -35
11 23
-17 23
-57 23
8 10
35 -3
3 -29
-7 -29
-26 -6
-4 24
-22 22
14 56
17 9
4 32
5 -19
6 0
22 0
-7 7
-4 -6
-14 -20
-25 -15
5 -29
-35 -51
-22 -10
7 3
-39 57
2 -6
-18 8
-5 1
5 7
-5 -9
2 4
18 6
24 12
-31 39
0 12
20 -14
11 -15
5 -1
20 2
-27 -19
-3 5
-9 -9
4 -28
30 34
2 -6
30 26
-1 -13
46 -24
-11 -15
-1 -19
14 34
5 19
-17 37
35 17
0 -28
36 10
-29 -41
16 -10
46 -12
-8 -22
-1 9
-10 18
-4 -6
7 7
12 -6
-23 -13
-41 37
-11 -25
-24 40
18 -2
-8 30
5 17
-7 -15
0 -70
-8 0
25 21
-8 -16
-13 -5
-28 32
-9 47
-20 38
2 24
-13 -1
10 22
44 10
27 -9
-4 24
-9 5
26 -10
-1 5
-3 -17
29 -31
2 2
-20 34
-20 -14
39 5
13 53
-27 -7
-9 -7
10 16
-1 5
-40 -8
-8 -14
-32 -2
-7 -1
28 26
34 6
-15 17
17 21
-15 -17
22 0
3 33
6 -8
43 -33
1 -25
-19 29
25 -29
11 1
9 11
-5 -11
-14 -16
-9 33
4 -14
8 4
-7 5
26 0
-38 -14
12 6
-3 -25
0 -18
-12 -10
-28 -18
9 -3
6 26
-11 -25
-33 3
10 8
22 -2
27 9
10 12
-33 -45
-14 20
-13 -21
27 7
29 -11
-11 -19
30 -6
-20 -52
-11 -7
-6 28
-16 8
-10 -14
-13 -39
-6 4
-20 38
18 -30
12 -20
30 16
22 14
68 -4
7 -29
-36 -30
21 35
-47 -23
17 25
27 3
29 21
-8 -16
-12 18
6 -30
17 -9
5 23
-4 -8
21 9
-1 9
-29 -23
-6 4
-53 19
0 -10
-20 14
-13 27
-3 -19
9 -17
18 4
0 10
4 -10
38 -26
-45 27
23 29
-16 24
33 25
-50 -8
-3 7
19 -13
-15 -23
14 42
-1 -33
-24 16
-14 2
-18 -30
-16 -24
28 8
6 32
-9 35
10 10
37 27
34 -10
-12 0
15 -25
-5 -1
-8 -12
12 10
-51 -19
9 -23
15 -53
44 -16
12 40
-20 -10
22 -20
12 -14
-31 -23
1 -31
-42 14
-35 3
9 23
6 -22
23 25
-1 19
6 -8
29 3
-16 -2
33 11
-18 -28
3 27
-14 8
16 12
18 4
14 -6
-2 -10
3 -5
12 -22
26 -60
6 16
14 -24
-30 -6
43 13
-4 -30
6 -12
-27 -1
-4 6
-52 2
-17 -27
9 -1
-40 -30
-22 8
13 7
11 -19
-27 23
39 15
-15 -15
-9 5
1 65
27 -13
-5 21
-18 -40
-8 -58
10 -20
31 -5
-2 -4
-10 -24
2 42
-5 19
11 19
-48 30
-7 3
13 -47
-35 -13
-18 30
-21 -3
15 17
22 4
6 12
41 -7
43 5
11 19
-9 -19
35 19
28 -22
1 7
0 -24
-32 -32
13 -39
22 4
-4 30
15 13
-26 16
21 -7
-19 25
3 -23
-44 -24
2 -28
2 -18
-11 1
3 23
53 -23
-39 3
-17 -3
19 27
4 -6
1 -5
8 -8
1 -3
-18 -46
12 0
-32 24
-26 0
28 0
8 -8
-25 -21
8 20
-40 -22
-21 -31
-20 14
19 -5
1 15
0 42
20 -34
6 14
-17 13
22 12
10 8
39 -19
24 -14
9 19
10 14
4 -26
-15 11
19 -13
3 19
16 -24
32 18
-8 22
18 -24
12 -2
59 -19
30 -24
-9 33
45 5
-2 14
-18 2
-1 19
63 31
-13 31
4 -10
24 -6
-10 -26
18 44
-37 -3
-7 7
26 12
-2 8
1 31
1 -3
16 20
-8 12
22 -2
-26 14
-31 17
-34 0
-7 11
-30 22
11 -1
-7 19
42 -22
12 -22
8 -10
-24 26
-34 -34
40 8
-13 5
-23 19
3 7
5 17
-24 28
0 -6
-14 28
27 21
17 -19
53 -23
3 7
-38 -20
-22 -24
20 2
10 -36
-8 -18
10 30
5 -1
33 -1
16 -2
14 -2
50 -22
32 -24
10 0
-28 24
8 54
-21 -7
-28 2
25 -21
-9 7
0 -20
-18 18
-6 -30
-18 -4
-48 -16
7 -5
-26 12
-13 5
-2 -2
10 18
30 -24
-27 35
-8 -40
-8 58
-6 -6
29 -5
-20 8
-47 11
28 4
13 41
27 17
10 44
3 17
-13 3
-6 -2
-19 -9
2 -22
6 -34
-22 10
-4 -18
18 10
-47 23
1 15
-23 -17
-11 -23
-33 41
-6 24
-34 34
27 15
1 5
26 -24
6 20
12 -2
-34 50
-1 -25
32 24
-8 6
-23 -31
-11 -35
-40 -10
8 16
13 15
0 58
-39 3
0 -16
-3 -15
-5 -19
12 -16
11 27
-49 -9
-10 22
-6 66
-38 30
-36 -6
18 -4
-12 -20
-5 -3
27 -31
23 5
6 -18
-36 10
-11 -11
16 -4
22 -24
-7 19
-28 14
-8 24
9 3
-11 -19
-30 -36
3 19
27 3
-1 -13
23 47
11 -27
14 -54
-16 0
-19 9
-13 -33
-10 -42
-13 -15
29 19
4 4
8 -20
-50 10
6 8
15 -27
-14 34
27 -3
28 58
1 3
23 13
-17 21
-31 -19
-8 -34
12 -52
-19 -7
11 -21
19 25
-4 6
70 38
-5 29
-16 -22
-32 46
-15 19
-33 -23
-21 17
36 30
-3 -41
-66 -14
-21 -19
-8 28
-22 6
11 11
9 -11
-27 -13
-36 12
16 22
-7 1
-32 6
4 22
21 -21
-5 -1
-49 -5
-19 17
1 5
-23 -15
-15 19
15 -5
-21 -7
37 3
26 -6
22 28
-12 -10
-23 25
-34 -6
-7 37
6 0
-1 3
24 20
-12 -12
-6 0
-13 15
-17 -23
25 -1
21 3
5 59
-31 11
12 28
0 42
20 10
-19 -59
31 -51
-19 19
62 14
-7 9
11 19
-32 0
0 12
-14 -2
8 0
-36 16
18 -6
-22 6
12 -10
-27 -3
14 22
-21 9
18 10
7 3
12 -2
-17 27
5 3
-15 21
-11 -3
-8 -16
-38 8
-25 -7
-3 7
23 9
-24 2
-8 -10
-10 -4
11 -47
2 10
2 2
41 -5
-9 17
-49 25
-12 10
-34 -18
-5 19
13 1
-30 32
-22 28
1 17
28 -2
12 52
2 -16
19 9
-14 0
-6 0
-12 -18
-14 54
-9 -21
-73 -9
31 -1
21 7
-3 -17
13 11
-1 3
23 7
0 -32
-5 -27
23 -29
23 -15
19 31
-31 -21
15 11
11 3
-8 18
14 24
-29 -7
13 -1
-11 -35
50 -32
-36 -22
-6 36
22 -40
-4 -22
10 -4
-5 1
-30 -12
-2 4
-12 -40
-21 -5
-14 10
-25 -1
25 -27
-9 -9
-10 8
9 -15
11 23
-11 -23
-13 -19
-10 -48
-25 1
1 33
21 -5
3 -19
-22 -26
6 36
43 -21
3 11
-8 24
19 -51
-48 18
7 3
-7 11
-15 7
-31 -7
17 -5
-24 -12
-29 -19
45 -23
-24 -22
-1 17
32 -18
14 32
7 -19
8 -4
-1 -29
-17 -31
17 13
-28 -8
-3 -21
20 38
-47 13
-3 9
-3 -21
13 -27
-14 16
-39 -3
13 15
-2 -14
-12 -30
22 12
-29 -3
-29 15
15 17
15 -11
6 -4
4 -36
16 28
31 -35
47 15
41 -25
19 7
13 1
-34 2
-28 -36
-24 -32
-22 -10
10 18
-7 5
18 -6
-19 -31
32 4
6 -8
-35 -15
-21 -13
40 46
-2 26
7 17
35 3
-2 -8
0 -4
18 4
-24 0
-17 -5
-3 -31
-3 -25
-33 -11
18 -8
-8 46
-4 -40
-25 -31
13 -29
-2 12
-34 20
12 10
33 29
-15 -21
8 -4
25 7
27 -25
4 -6
32 -28
18 22
28 -20
6 12
-14 -4
-72 2
51 -9
-29 3
-23 1
24 -18
24 10
-16 2
27 -7
-29 -1
8 -6
-13 9
-3 11
-37 35
-6 -26
-5 71
15 25
31 31
-10 -34
19 17
39 -53
-14 -2
-2 32
-16 -2
2 -8
-2 -12
2 -24
5 -33
-16 -24
-19 -5
-10 -22
14 -4
27 35
-36 -4
27 -19
31 -55
25 -9
-8 2
-25 -35
36 -2
45 27
-31 7
18 10
21 -15
11 -1
-6 10
-4 -14
7 19
32 2
-14 -12
-53 1
-31 -5
-8 0
-28 -16
11 -35
-41 23
-14 4
-5 -33
-30 4
-36 36
17 15
-16 34
-27 -37
-5 17
-49 -19
-3 -23
44 28
-14 44
-19 21
2 -24
-45 -13
18 -8
-12 0
-16 2
5 1
13 -7
33 13
28 -10
-1 7
17 -23
-5 -17
-18 -4
1 -37
-27 -1
-20 0
24 -16
-43 9
-4 -10
-40 -2
43 -29
47 -21
-10 -2
40 -30
-26 6
6 0
-11 55
-9 47
13 13
26 -24
5 19
-18 16
-2 2
-4 -8
-30 12
48 14
-31 1
-4 -14
-19 -1
-23 -5
14 12
31 -41
-6 -10
14 24
-20 14
4 -20
-1 -9
32 42
-4 0
14 2
9 -79
17 19
-38 4
-3 27
16 50
-20 24
-35 -15
13 -1
-12 -24
6 14
6 -22
21 31
1 21
18 -4
31 -13
-5 29
22 12
21 -13
14 -26
-16 -6
-19 -31
-65 1
-48 8
-22 6
-3 -1
28 46
5 35
39 -3
-26 10
15 3
5 17
-17 -7
-23 17
-11 -7
-37 -3
18 18
-1 17
-19 1
-3 -15
21 11
6 -4
34 -30
38 0
-17 7
1 1
3 -15
-9 -29
-26 36
-40 -4
-7 9
10 10
22 -4
12 -2
-15 -1
-9 7
-2 14
-7 31
-6 -16
-2 -22
-17 35
26 -6
-14 10
-36 34
34 26
0 42
29 -17
-2 20
-18 -22
-45 9
7 15
-25 -25
-28 16
-33 5
29 5
-35 27
54 -14
-28 -28
-26 16
10 4
10 30
7 33
1 -53
-8 22
3 -7
8 -10
5 7
-6 30
19 -23
38 -4
-26 0
7 -31
31 -5
-54 40
-25 -27
-32 -14
6 -14
10 24
-5 3
14 14
-2 -10
-23 9
18 -2
-16 -14
10 34
-26 -6
-7 21
10 -42
-35 15
3 -39
1 -7
-13 35
-6 -10
33 -5
-47 1
12 -28
37 1
-12 -24
12 20
25 -29
-1 11
-5 -23
-22 28
20 -32
-15 -5
-24 -26
-6 38
9 -5
-9 1
16 20
9 -11
31 25
-49 -25
-30 -16
-5 25
23 -27
-28 -2
4 -10
14 2
-3 -27
-19 -15
31 -1
29 9
0 16
-33 -39
-2 16
-25 29
-30 -36
34 6
-23 -25
-13 27
-37 21
-8 -12
-14 24
-33 -9
22 -24
13 13
21 -5
56 -14
-17 5
28 -2
26 22
-14 -16
-8 28
24 -18
-32 -14
19 -3
-21 -11
-27 25
-13 -15
-12 -8
-4 0
70 -12
34 -14
-14 0
-37 7
-9 -11
-14 8
10 46
-24 10
21 3
-15 -11
31 -15
-61 19
-21 15
-2 14
38 30
7 21
-17 -17
-15 -33
22 -14
-8 -12
9 3
-15 -1
-8 12
-1 -27
-23 5
6 -18
-8 8
-15 -41
10 -18
7 7
21 -3
-6 38
24 -16
-8 0
-2 18
-23 -9
6 -4
17 3
-12 -2
44 4
6 46
4 18
-7 -3
-27 15
-3 -11
8 14
-12 16
3 -17
21 -67
22 42
-10 -34
0 16
-6 -16
-54 0
-10 26
34 4
-32 -16
-38 16
-19 -7
-13 19
12 0
-18 -32
-18 22
-10 -40
31 -1
-1 -5
-2 10
-7 -15
8 -8
-7 35
-24 -6
7 -13
-8 0
-4 60
-12 34
-20 8
-7 15
-2 16
-1 13
6 34
38 2
-12 -12
5 -11
-12 -4
-27 7
15 35
-28 38
31 3
5 37
-22 8
28 -14
0 -20
6 2
22 30
-3 3
3 -5
6 28
20 -12
-31 11
-43 -9
-8 16
-14 -4
40 28
1 -5
20 26
19 -29
13 47
5 25
-3 25
-24 38
-3 9
-11 -5
10 -10
-38 18
-14 2
-7 15
14 -24
-1 -15
-4 -14
21 -13
39 3
-16 -16
-4 -10
-24 6
-12 10
33 15
-21 -7
-30 18
27 55
-27 23
9 -35
1 9
-57 5
-14 -2
25 -1
25 -13
20 20
-18 14
0 24
22 54
0 -8
12 -2
2 18
-21 5
-6 38
-35 3
46 -2
-11 3
27 -25
18 -6
-42 -12
-12 36
-11 -5
-17 -23
-42 -24
-1 -43
-22 -12
-4 -18
3 -1
-12 22
-3 -5
39 29
-17 -25
1 -25
-30 6
21 3
12 22
11 41
30 -2
33 -31
0 26
3 -5
-18 24
29 21
-59 11
-10 -26
-12 -8
-23 1
-26 16
7 15
17 3
-29 25
18 12
9 3
-33 7
32 16
9 -3
28 -4
13 5
19 11
4 -8
20 -8
1 -1
-30 18
-5 -21
10 -38
14 -20
-12 -4
-30 4
12 32
15 21
4 26
-35 -15
35 -21
-8 4
-11 -17
-6 -4
4 38
-41 -7
16 32
28 -12
32 -2
3 9
1 -5
-32 -18
-1 -1
-7 17
-4 -14
-37 -9
-25 5
28 18
65 9
-5 -3
-21 -27
48 58
-33 29
10 6
17 23
17 1
-8 -8
8 -8
-31 -15
10 8
21 7
0 12
-1 27
-36 12
10 48
-43 -13
-1 21
-8 30
34 -40
14 -4
0 -20
-42 -30
19 -15
37 -19
21 -1
-16 -12
-4 10
-22 26
6 36
-35 -9
-24 -22
7 5
14 -6
19 37
49 -29
-35 19
-23 -11
33 1
12 -14
7 15
-4 18
-16 -22
26 -22
24 -26
37 -3
-32 -14
31 -21
-7 -15
0 16
-41 7
37 -21
5 -13
18 -20
-14 22
7 1
-13 -23
-17 -5
-45 21
-5 17
-17 -13
20 -2
-9 39
-13 5
-9 -35
41 13
-4 -16
13 27
0 10
3 -35
54 28
43 -9
-9 -31
-12 34
24 0
11 11
-44 -18
36 -24
-3 13
18 -12
-2 -10
35 11
32 -18
15 -11
26 -16
1 29
19 9
-14 10
43 -17
42 -12
9 25
37 -7
-4 -58
10 42
10 -20
-10 16
-25 -3
10 4
33 -29
-17 41
-1 49
34 -76
26 -6
34 4
8 14
-60 16
-45 3
-10 16
26 16
12 6
-3 -21
3 3
26 -14
10 20
19 -51
11 -9
9 21
-16 16
-5 -27
0 38
-29 -25
1 19
-8 -38
-16 18
24 -10
7 7
-18 -26
-2 -20
-27 -7
-14 2
-18 4
-8 -20
-17 -31
-5 39
-10 -40
-1 17
4 14
-20 18
-24 -10
-10 22
16 50
-33 -35
-33 7
7 21
13 17
6 50
6 -14
11 21
8 24
25 -15
15 27
6 16
-47 -41
28 -2
23 5
1 -17
-15 29
7 -1
-10 -4
6 6
0 -2
-20 42
-26 -34
-24 -28
-49 31
-29 -13
28 0
20 36
-15 -15
15 -23
6 -16
17 35
-28 6
17 5
-58 -30
6 32
-11 1
1 53
-22 -16
-22 -8
-3 11
11 11
3 1
97 7
17 35
-34 4
4 14
-13 -41
40 18
7 15
17 -9
11 19
12 -68
-21 19
-17 1
6 40
4 14
9 43
-39 19
-8 2
19 11
-9 -7
9 53
5 -21
-34 -46
-8 -24
-13 -13
-9 -19
-12 -24
-27 -19
-44 -20
28 10
15 -45
-18 -6
-50 26
-5 37
33 -13
-39 5
-13 7
-25 -9
27 19
61 -1
18 -8
-30 -6
4 -22
-51 -3
-21 -21
-4 -24
20 -58
17 21
-11 11
-28 8
26 -10
-1 -1
-3 3
12 10
-3 17
5 31
-38 -28
-24 4
-20 -4
4 0
8 0
-36 -30
12 -2
15 -21
38 22
-2 -4
-22 16
-13 17
-8 -40
12 26
-13 -39
14 -20
-17 9
-1 7
0 24
-34 -12
-2 -18
6 0
-17 29
19 15
-4 -18
-11 7
-55 13
0 8
-24 -12
15 27
11 -9
4 4
-21 -5
0 -46
-3 49
27 -11
-31 19
14 -8
24 12
-24 -30
13 -33
0 4
-33 17
-30 -16
4 12
20 6
-19 -79
-17 -21
1 17
21 45
20 34
-9 -15
2 -18
-22 -20
35 23
6 0
-25 -35
-15 -21
-10 -2
-1 -25
13 27
-11 13
-34 -28
-10 30
-17 -3
-12 -22
8 -8
-62 -14
-44 0
-32 -30
-31 -35
7 5
-3 25
11 3
-9 -9
23 11
14 14
-21 -3
39 -3
44 28
-7 3
16 -42
0 -12
-48 -2
27 -17
27 -11
-50 -18
-30 10
-20 -18
9 9
32 -4
-8 18
-6 8
1 -1
-1 -9
-29 -5
18 -12
55 -11
-5 -21
-16 -22
9 -7
6 22
61 23
-25 -5
-38 26
30 -36
15 23
10 38
-44 30
-13 -13
-9 3
3 15
-13 3
24 -14
0 8
33 3
-3 13
9 -31
11 -15
3 1
1 15
-25 -3
-2 -4
51 -49
22 -4
-11 -9
0 -2
-20 -20
-9 -11
-18 34
-13 39
48 16
-31 17
24 -8
19 3
-32 22
-33 11
-19 51
26 18
29 -7
-6 -2
24 16
-33 -9
16 16
-12 18
-20 -14
-38 40
44 4
-26 6
-22 16
-15 15
1 -7
18 -26
-19 -47
18 24
35 -69
-2 14
6 -12
-12 30
38 -20
31 -1
-12 54
-5 -23
53 25
21 23
7 35
-4 -42
-9 -19
19 -17
9 13
4 24
14 14
-4 -6
-1 11
-3 31
-22 4
7 -31
12 8
34 4
-28 -24
-50 -34
-21 5
6 -8
2 -10
34 40
7 15
-25 17
13 -7
-54 42
27 -15
1 -15
-16 20
33 -37
15 43
6 4
22 -4
-27 19
8 14
19 -9
-29 1
2 -26
34 26
-7 11
-47 -1
5 -23
6 22
0 -12
10 -6
7 -33
-8 -16
-3 15
-9 11
4 10
31 -5
-13 17
-30 -50
18 -20
71 -67
9 -39
14 -28
-14 30
37 29
-13 27
19 3
13 9
47 9
-4 16
27 -29
27 -15
-1 -19
-9 37
0 -4
24 -16
18 -52
-12 -18
48 -30
-8 10
25 -3
8 40
9 39
4 -16
64 -50
31 -35
4 24
-2 0
-33 -11
-10 -28
-10 -12
-45 13
-7 25
21 55
-1 1
-28 14
11 21
3 19
15 5
3 1
-24 -26
14 -34
0 8
11 13
29 19
-8 6
-8 14
-30 4
-30 -10
-29 33
-10 -4
6 20
20 20
1 1
-12 36
3 -23
-18 14
18 -2
-13 1
7 23
8 -10
9 13
-11 -5
17 -13
-5 -37
-21 -11
10 0
39 -17
47 27
17 15
28 -34
-4 -18
-18 -48
0 -2
24 -6
3 1
-9 -29
20 -16
37 9
-42 -28
-19 -7
-1 9
15 -11
55 -15
-8 12
-22 6
-4 -30
1 21
10 -16
10 12
-30 22
-37 -13
-4 -34
29 -13
-4 28
11 1
6 -4
-45 21
-20 -6
-15 -7
9 -17
-11 21
14 20
56 -6
21 -21
14 2
-15 5
-15 -3
-16 34
-33 -1
33 -1
23 11
23 -11
15 -11
-19 -3
-18 2
8 -4
17 13
-29 -37
-29 21
-19 53
34 -14
-40 -12
14 -6
-31 11
10 -14
0 6
5 -25
24 -18
-8 -14
-21 21
16 -30
11 13
-13 -1
-11 -3
-22 -24
-67 35
4 14
10 -6
6 -14
4 14
43 1
-7 -7
-19 -9
-13 -13
4 10
15 -53
-30 -2
1 57
-10 28
16 -10
1 25
19 7
4 36
35 23
8 6
-1 15
2 0
12 18
19 -15
15 37
19 13
-5 -21
-35 19
-17 23
11 -13
-11 1
55 15
0 18
-9 13
36 -2
47 3
-15 13
-33 11
-39 -25
-2 4
-25 29
-18 6
14 -28
-14 -16
-12 -6
-21 55
-40 16
12 34
4 28
-4 -48
38 2
-8 -38
30 38
-17 -27
-32 -14
19 29
-12 -24
35 -1
17 -23
-12 -10
-14 0
-31 -55
6 -22
-28 20
8 -20
-4 2
-32 -10
3 23
-21 13
20 -4
4 -6
14 -22
-4 56
-9 -21
13 -1
20 14
0 18
-37 -27
-5 -7
-22 -30
23 -25
-24 8
-7 -53
9 1
-4 -6
-10 0
-54 36
9 -3
-31 1
-34 0
41 9
-2 -18
2 -40
-19 -3
4 6
12 16
-7 11
21 -5
17 21
-45 13
45 -29
18 24
27 -21
-2 -10
-7 -43
4 -10
-8 -8
-7 -1
-6 -12
4 -24
32 -18
-25 -3
-11 -13
-10 28
15 -9
-24 14
1 3
18 8
1 -23
-9 -39
30 10
22 -34
-3 23
3 -7
13 33
-16 38
14 -76
25 9
37 11
-33 41
-18 -28
-13 27
-12 12
60 -8
3 3
12 -2
-20 38
-7 23
-34 -18
20 20
-6 -8
8 14
12 20
-16 32
-40 -36
-41 -1
26 -12
6 76
35 -19
9 -5
0 -14
36 2
16 36
6 -18
-41 37
-2 12
-10 -10
38 -14
-5 19
20 12
3 9
-5 11
-8 12
4 -8
-31 11
10 -44
6 8
-1 -9
-16 26
8 -10
22 4
5 9
-20 -10
-1 -5
24 -12
-44 12
35 37
-55 5
-3 -35
-19 -1
26 -40
8 -16
18 24
11 -17
11 11
15 -39
8 20
-13 45
12 -38
10 -30
-2 4
12 -2
-22 -38
53 3
-20 48
-10 22
-10 8
-10 8
-12 -4
14 -2
13 13
35 -3
4 16
34 -20
0 4
-9 -13
-11 9
29 11
-13 27
10 -58
5 1
-17 9
33 15
-39 -7
-12 6
-3 -17
2 -22
0 -10
16 -70
51 11
38 -2
6 12
-64 -22
-22 10
38 -14
-85 3
10 -4
19 -7
7 -27
29 7
20 34
-35 1
-4 2
16 30
17 29
41 -15
22 -2
-3 -31
-34 34
13 -15
30 -20
-32 16
-44 -8
-24 18
-8 14
-10 14
-3 7
-4 -30
-5 9
3 25
-28 -8
-10 -2
34 18
-23 -1
-19 -9
29 -21
21 -13
-1 23
-11 -23
-26 -20
7 1
8 -24
-3 -7
31 21
3 -7
14 -28
25 -23
-9 -17
-3 5
18 -4
-6 -6
31 -43
4 -4
17 -31
-35 -31
-2 -2
-20 4
7 19
13 1
-3 -9
40 -40
-14 -32
-7 -5
2 -36
29 -33
18 -34
-9 -1
18 6
-15 -29
26 -2
-9 1
-5 -9
-11 -25
-52 -4
8 -22
-4 -20
25 -3
-3 17
-12 -52
17 -25
0 4
14 62
-36 8
27 49
31 -1
-14 -24
45 13
7 47
-23 21
-14 -22
-3 41
-19 13
-3 9
-18 48
20 -12
-39 15
27 37
8 -24
0 -6
-9 3
-20 -22
12 -16
-3 13
-7 15
14 14
14 -12
16 -8
-26 -2
25 3
35 13
4 -20
1 13
19 25
-29 -27
-12 20
6 -46
-22 12
-1 -29
3 7
-31 37
8 22
21 29
-15 17
-23 -37
24 -34
-28 0
4 4
10 -10
9 -39
27 23
50 -10
-14 6
-19 15
-10 24
-28 -4
-25 37
-30 -8
-56 -42
-19 -3
12 40
8 0
-5 19
5 -5
-34 34
33 17
24 22
11 21
1 7
-5 39
43 21
-3 5
25 -13
16 10
14 28
47 5
-9 -3
-12 -6
25 -33
-22 -42
-26 10
-6 -22
2 -30
20 -8
-50 -24
33 21
-28 -24
1 5
-29 37
-26 -10
-31 -9
-13 -19
-31 -17
46 -28
-38 18
0 -4
19 29
9 29
12 -4
18 -36
11 1
-5 -7
28 -24
-22 14
32 20
17 -3
-14 -10
38 -6
-22 -56
-33 -17
6 -36
-5 -7
-7 31
-27 -13
-9 19
3 -11
16 -8
1 -25
-16 -30
-20 -30
-34 -2
-26 -8
-8 0
5 5
-2 -54
26 -16
7 -23
-1 21
14 -16
-32 36
-2 -12
7 -23
1 9
31 1
2 -22
8 4
43 39
-5 47
-58 30
9 21
2 20
14 -36
19 -25
25 -31
18 -10
-36 2
-18 4
25 -27
22 -12
31 9
2 32
24 -22
9 5
59 9
4 -18
36 -28
-5 7
3 -27
22 32
40 -18
-34 8
-11 -1
-7 41
-2 64
-41 -9
10 28
-18 -30
-28 2
15 3
-61 -21
-18 -22
3 -1
-27 23
26 10
19 -11
-7 -1
34 -6
7 -13
17 7
-22 -2
20 0
-3 39
-8 16
-6 -34
10 -18
-14 10
-11 3
-20 -8
-26 -8
45 -17
-15 9
-13 -9
1 9
49 9
1 -55
-27 -11
-17 5
66 -10
34 -6
5 7
0 -26
3 19
3 -15
-9 1
6 10
35 9
35 9
4 18
32 -26
48 0
-59 11
1 27
19 -13
-17 9
-12 52
-9 -17
0 -32
-28 8
24 -18
-17 -9
31 -31
1 -5
32 -28
29 -5
-22 -34
16 18
-25 -25
-8 -38
-8 0
-1 -27
-35 5
3 -31
-10 -38
-3 21
4 8
2 4
40 6
1 -1
-31 -9
53 -5
-23 11
-21 -21
25 -1
23 -11
0 -30
-34 12
22 6
-58 10
16 -2
28 -30
-2 -6
18 -32
-27 19
-11 -7
-5 -23
-28 -16
-43 -5
18 -66
-19 -39
2 48
-14 34
-26 -12
-19 -1
-7 31
17 -1
-7 1
7 -1
-2 -14
4 36
8 -10
20 20
-4 12
-28 -14
26 -6
-11 15
-7 3
13 -13
5 -3
14 -2
11 -1
-5 -9
-19 -11
6 6
9 -25
42 4
12 -10
-10 10
-1 31
-3 23
2 -6
2 0
-21 13
-6 10
5 -19
-13 -1
20 -36
-42 30
-29 5
-4 -10
-63 -35
6 -26
-13 7
52 4
-34 28
21 23
5 -13
20 34
47 3
18 8
-36 -22
-61 -7
24 10
6 -28
-3 -13
-12 18
-2 0
-19 3
6 -4
-3 47
-17 39
16 -22
14 -36
-40 2
-18 10
-23 -9
-15 -13
8 32
6 -32
17 -31
-13 17
-1 5
-2 0
-8 18
-41 -15
-47 -3
-43 -35
-12 26
7 -15
-43 21
-26 -24
-1 -31
-57 1
-8 8
6 10
55 17
36 -4
21 13
-24 -4
12 -2
-23 15
-15 -23
30 -8
-14 2
2 -4
57 -11
53 -29
2 -16
-11 9
33 45
14 34
3 7
-10 -8
14 -24
11 23
39 1
-4 -14
53 -45
-19 25
-12 24
-10 -22
13 -37
-21 9
-15 -29
33 1
-16 -6
-28 -8
-17 -17
4 22
-43 41
-8 12
10 -30
17 13
3 -11
-67 11
2 8
6 -28
-29 -5
30 12
25 -21
2 8
-29 -25
28 -18
-30 -24
22 16
21 -1
-8 -18
-3 -37
9 17
-8 -16
14 52
-31 11
-44 24
13 17
-21 -25
-30 16
4 -4
33 -39
-14 6
-18 -32
66 -34
11 -33
-16 4
-28 -14
11 7
9 -7
6 -12
31 31
41 -21
43 27
-1 19
-37 -1
3 -17
-7 5
19 -15
28 -32
-26 -8
0 -6
4 6
-15 -3
7 5
48 22
-9 -49
-12 2
-17 15
14 -28
17 27
-6 30
-18 10
-15 -9
0 -2
-2 -12
-4 -4
-20 58
-20 -18
20 -8
6 -6
7 17
11 -15
26 0
-3 15
6 20
4 8
8 -8
-24 0
32 -4
-2 -2
-19 5
23 -43
-23 7
12 -14
10 8
-35 -37
-24 32
-2 38
-6 -12
-23 -27
-5 17
-22 20
-17 13
-18 -20
7 -17
-28 0
21 -15
-9 9
-7 7
-22 12
-3 7
18 4
0 -6
30 -16
-32 14
16 22
23 5
-53 5
32 28
45 -41
-6 4
11 15
-37 11
12 28
35 -23
-4 16
-4 -32
-23 7
0 -20
49 9
1 -11
2 18
3 -1
23 -19
-15 -3
32 58
11 -15
33 -1
4 -32
19 -1
-11 -15
-2 -72
-3 -45
-11 5
0 18
30 -20
11 5
13 -5
8 -28
17 5
24 2
-12 0
32 4
-8 -46
37 -11
2 8
-2 4
21 -7
-4 -50
-49 19
-19 35
13 -5
-22 26
-1 39
1 -25
29 7
-21 -19
1 1
10 32
31 29
17 -19
-1 -53
26 16
-3 -9
13 27
-23 25
-27 5
-6 14
3 21
3 11
40 20
21 11
37 39
26 16
-10 -36
-23 1
6 -8
43 41
-30 -4
-10 -16
-42 42
20 20
9 -29
9 3
21 35
6 4
8 -26
-29 -23
-14 -42
-18 0
12 -34
3 -5
25 -35
8 -2
0 22
10 30
10 -16
14 46
13 -1
17 -15
24 2
-4 -26
13 45
9 -11
4 2
4 -10
-20 0
16 -24
-35 -1
-33 9
18 20
-1 15
6 20
47 13
-32 -22
5 33
-43 27
-11 15
-39 -19
-27 29
-11 -35
2 4
21 -5
-16 -24
-1 21
28 14
-9 -3
9 1
-15 15
16 2
-25 -9
27 15
-37 -21
16 -12
-19 -5
2 4
-6 22
13 -45
5 23
14 20
14 0
-8 18
0 -32
-24 14
-30 12
-1 7
21 -15
4 -14
-19 5
16 -22
51 39
13 -21
-9 -19
-11 -23
-2 4
-10 -14
-22 6
29 -1
10 -2
18 -30
-59 47
27 -1
-6 -16
-17 35
56 -2
-14 -4
32 -26
-1 -37
14 -30
2 8
-21 3
0 16
-27 -49
-23 -7
0 2
8 -4
33 21
-5 -13
-30 18
-12 -14
-52 52
20 22
9 -19
-1 -25
-18 18
-1 -17
-11 23
21 -15
-9 -35
-28 4
-7 31
29 11
-1 13
34 -8
-3 13
41 -3
-2 28
34 20
-12 12
3 41
-8 28
-5 -27
-39 -23
-26 -10
-4 14
-25 -31
5 7
-20 -24
-1 35
-1 -7
54 -26
4 -2
-6 6
37 9
-3 -17
10 2
17 9
10 12
29 15
31 13
-16 -8
-4 -18
-11 13
-41 -19
21 17
-30 -40
-16 18
-4 -18
4 2
-9 -15
36 8
-4 -6
16 36
3 9
-16 -22
49 -25
-7 17
23 -5
33 35
31 5
-12 -38
-43 -23
4 12
16 -46
-7 -15
14 12
-21 -7
-28 -4
45 -19
6 8
5 -15
-6 56
-3 -33
0 18
-7 -51
-15 -7
-15 -13
15 25
16 -8
8 -6
-2 -36
-5 -13
-27 21
-20 -4
-17 17
16 40
-14 -16
-4 28
39 -11
-6 22
-13 29
-17 -13
34 20
-11 -9
3 25
32 18
33 7
6 -2
14 50
-3 11
23 1
-11 21
-22 30
-14 4
15 -7
29 -31
13 -23
7 1
-12 24
3 -33
-3 -39
36 -6
-9 1
-40 -14
62 38
-20 16
3 23
-21 9
-2 16
-10 14
-7 3
3 -35
-46 10
-3 11
6 20
-31 3
6 -80
-15 31
-1 11
28 22
-38 10
-14 -22
9 -7
41 -7
3 5
4 32
-25 3
-13 -17
12 40
-13 11
-23 19
26 -8
3 -1
25 -31
-3 -31
-3 9
17 -25
4 20
18 -2
-27 -27
-6 10
6 -44
10 4
27 -27
-10 -30
-22 4
-8 22
-7 33
4 24
1 47
19 -27
30 34
2 4
15 11
33 -5
6 -10
0 -4
3 1
17 15
5 19
10 -4
26 18
-6 -18
27 -57
36 14
29 1
-9 -35
34 36
20 26
5 -7
15 -29
17 3
27 -37
-2 46
-6 14
29 5
-1 -17
10 -30
27 9
7 -43
-23 3
-13 29
1 7
-13 -15
-7 -27
-11 21
14 -8
18 -4
-4 28
25 -31
28 -28
-66 -14
2 6
-23 5
-14 26
35 -5
-1 -7
-14 32
6 6
-19 27
-7 -5
-25 15
-1 13
-16 6
-33 1
-2 -2
17 -15
35 27
-17 -37
-6 26
-28 -46
7 -11
-22 -38
-18 14
10 -38
-16 10
37 -51
36 2
26 2
29 3
33 13
10 -16
-12 -2
-16 10
9 -37
-13 5
6 -34
9 41
0 -10
13 33
26 16
6 -4
29 33
-3 -37
-34 0
5 1
-15 9
-19 -1
-21 11
33 1
5 -35
-7 -33
-3 15
10 0
5 -33
2 40
11 -21
-16 0
9 31
-12 -28
5 7
-31 -13
44 -4
-12 20
7 35
17 1
9 -5
15 5
21 31
17 -1
-11 33
21 17
23 13
-13 -39
-1 -19
9 -9
-14 6
-13 31
0 50
12 2
-28 26
-11 -11
18 -22
-11 21
28 22
12 -28
-37 45
-31 17
0 -16
8 -6
-5 -65
7 -17
-31 -25
-1 -29
2 -20
-10 32
5 -19
-38 -2
-1 15
9 13
-33 -47
1 -7
2 -14
-12 10
-1 -3
-16 -8
47 -1
18 -10
-41 -27
-22 -12
30 -12
-19 3
-14 28
0 4
25 7
-24 46
-5 45
1 39
-16 2
6 -26
13 3
-16 -6
35 -1
-25 1
-26 -56
9 -17
46 4
1 -11
-32 -12
14 20
9 -17
-26 -20
52 28
-32 -32
6 2
47 37
-15 25
-24 12
-9 -15
26 -8
-17 5
6 -12
-7 43
-18 -2
-16 -4
26 10
12 10
16 -6
20 -4
-5 -19
-6 -6
28 8
35 -5
-13 17
-24 -2
-7 -27
-16 26
23 1
9 -51
6 -24
2 6
14 -12
-18 -18
-6 6
-6 0
45 -11
-42 14
44 -40
17 3
25 15
-22 -2
-15 -1
42 2
8 12
-32 2
-25 -11
-30 18
36 12
1 1
4 -2
-17 -11
-46 24
3 19
-29 13
31 25
19 -3
6 -2
0 -20
8 24
-17 -31
-8 -8
-14 4
-8 0
25 -7
-7 7
15 17
7 1
-29 5
12 22
49 23
3 3
-19 -37
1 45
-15 -15
-20 2
22 -10
-29 -41
4 -2
4 34
-4 2
-8 6
14 12
-23 3
16 28
19 -11
1 -13
-28 24
50 6
19 -25
-18 6
6 18
9 -7
-19 -1
-3 21
-8 26
19 23
-3 13
39 15
-17 27
-1 -5
-5 -3
8 -26
4 14
23 -25
-14 14
4 -18
9 23
-28 0
15 3
12 -8
7 -3
19 25
0 -32
7 -3
36 -2
-12 10
-30 18
-6 20
-2 30
7 5
16 -26
15 9
-29 -35
1 29
16 -18
34 -28
10 12
2 18
-19 17
-3 1
8 38
-55 17
19 19
31 -23
-3 -31
-19 17
4 0
-39 19
-3 -17
-3 19
11 -7
10 24
-2 -2
-14 12
11 29
34 24
1 5
20 -8
-3 3
17 -9
-23 31
1 17
15 -19
-22 -2
-10 -16
21 21
-20 -38
21 -31
-3 -13
37 -9
12 -14
5 -29
30 10
-64 -22
-12 -28
-19 37
-4 18
-26 -14
-7 5
-3 -11
43 -57
-36 -20
-16 -2
3 -9
-22 0
30 24
-12 -34
5 31
19 37
8 38
-4 8
1 -25
-37 29
-19 -7
72 0
-22 20
10 -10
-5 -15
8 -26
15 -31
4 -24
-1 17
-5 51
-26 30
-39 -25
-19 3
-8 6
-33 -7
-10 -30
-11 47
25 15
27 -5
21 35
45 -23
49 -1
-4 18
24 -40
10 12
6 -16
-6 8
-31 7
-5 -37
24 -40
-27 -55
-15 -17
-10 40
-15 -11
-5 5
-11 -47
17 -17
-31 -17
23 5
2 4
6 4
-4 4
36 10
-26 0
-9 11
-27 -13
10 -16
-6 20
23 -3
-6 -16
4 -2
-2 -14
1 -23
12 -4
14 -28
3 -41
-36 30
-29 -5
36 6
-10 -28
-2 28
-16 -14
11 -11
-16 -10
-8 -2
-26 -20
3 39
8 2
42 -8
-32 38
-9 -27
5 7
14 28
21 -17
-37 -77
7 5
23 21
13 7
-33 7
-37 47
-17 1
38 6
27 3
-13 9
-18 -18
15 -23
-1 41
9 5
-11 -51
-3 29
18 28
-12 12
16 2
4 -2
13 3
22 -14
13 7
-10 -12
28 -10
-5 7
-2 -18
8 -10
-6 8
0 -30
16 4
30 -4
4 -16
17 -15
-18 -12
-15 9
-5 19
-23 -7
52 2
-9 -15
33 -23
19 47
-26 -2
-9 -11
2 36
2 28
-17 -7
25 -5
44 72
51 41
-18 -30
10 -10
-6 -6
8 22
-29 -1
19 69
2 2
23 19
-24 0
-14 42
9 15
-47 23
-7 43
15 -27
-12 -8
20 -14
-11 21
41 37
45 7
10 16
-30 -16
-36 0
3 65
-3 5
9 -13
20 -4
22 -18
4 -30
-9 21
-11 13
36 -2
30 36
-25 35
-24 -30
31 -5
18 -10
13 -23
34 -46
-8 24
19 -1
-15 23
-15 5
15 -3
16 2
12 16
37 9
-19 65
-6 6
-33 -1
-31 25
21 -7
16 48
-36 6
32 -14
-23 -5
-33 33
32 -14
-28 -22
12 18
-10 -60
46 -12
8 32
19 -23
-51 5
-23 3
5 -39
6 26
-30 12
5 -9
12 -20
21 41
10 -24
-12 12
23 9
-25 -25
3 49
-20 -12
14 2
45 -5
2 22
-4 -22
-19 -57
2 -28
22 6
11 -25
-28 -4
22 -24
10 32
23 -19
31 -47
-18 10
0 20
4 52
-28 34
46 30
-31 11
31 -27
-7 -31
-24 40
37 -3
-21 -67
-1 -15
30 46
-31 -1
14 -30
-13 25
-21 -7
21 -11
-24 -20
6 -16
12 -48
0 6
11 -9
-12 -16
11 -25
16 50
-35 35
-4 -36
16 6
-15 27
-1 11
20 -8
24 -8
31 -11
-9 -13
-40 -20
21 7
41 -21
-13 19
8 4
-6 2
-6 8
28 20
33 -19
12 -30
10 24
-1 -33
-27 3
-8 -10
5 31
3 -29
-6 8
-3 -9
5 17
-44 -18
12 -6
-3 -23
-31 11
-3 -19
-18 -12
-5 -1
-39 -7
-16 -30
33 31
-18 10
35 5
-10 -46
9 -1
-2 -38
17 -25
20 4
-47 -47
-19 -15
41 13
9 5
-3 -21
2 18
-8 -2
-18 6
-12 -14
-9 29
8 18
-55 -17
11 -11
3 15
30 36
-13 7
2 -6
4 0
-16 32
0 -14
21 1
-23 -15
-11 15
-21 15
-5 23
17 17
-4 38
41 13
28 4
-25 -1
-16 -6
13 -5
33 -7
-7 -3
2 6
21 -5
14 34
0 -10
-6 40
25 -17
0 20
29 5
5 7
-8 -4
-9 -35
-11 -17
22 -16
-31 35
-2 -8
25 21
-18 -16
-32 10
7 -1
-37 11
7 3
22 18
-23 9
10 4
25 -57
-13 -25
0 -18
16 -32
-38 14
5 -9
-16 6
-17 23
-12 8
10 14
-1 15
-5 9
21 -11
-29 -17
15 -7
26 46
-10 10
-18 12
-32 -2
-13 -1
-1 19
15 1
19 -3
13 27
-49 13
61 43
27 23
12 38
-4 -2
26 20
-19 -1
-48 -4
0 -16
-6 2
-22 20
2 -22
-55 7
-24 0
11 -3
24 -22
1 -23
7 -11
19 13
25 9
-22 24
-5 15
-3 -5
-40 -18
33 -1
49 7
14 -24
-3 -25
-21 -31
14 -22
8 6
-31 -31
1 -17
-19 35
1 -7
-7 -11
5 3
32 -34
-23 -15
-54 34
6 36
6 14
31 23
17 -7
45 1
-10 10
15 13
-28 -10
-8 4
16 24
7 33
-25 47
18 6
16 2
14 32
5 37
32 -4
4 34
-19 25
-15 15
19 -31
-2 16
-24 -6
44 10
2 12
-25 -29
14 4
-26 34
-20 20
-15 -1
7 -3
3 39
-16 2
27 -21
-33 -23
10 2
8 52
-7 -5
-7 -27
3 3
15 25
10 0
-1 25
43 13
25 -11
-12 -4
-10 4
40 0
7 -23
10 20
14 -6
-9 3
-40 -4
15 -27
-32 -26
2 -4
1 35
-29 29
16 10
-9 -31
-13 -9
-27 -49
-24 2
-45 3
-4 -16
-13 -1
1 5
-34 34
10 0
41 13
17 13
2 -6
-27 29
26 -40
-12 -8
5 19
-10 30
-25 -25
8 8
13 -33
7 11
3 1
49 -1
14 44
13 -9
-19 -13
-6 -2
0 -16
16 -12
8 0
47 -19
11 37
-27 31
6 26
6 -20
15 9
-25 37
22 -10
-40 -10
3 -41
8 -52
14 -30
-22 4
4 -32
-9 43
5 -61
-28 6
-2 -16
4 -18
-4 14
7 -45
19 9
-13 -21
-16 -2
46 16
-5 5
-8 -16
20 -30
-30 2
-46 -12
-5 -17
26 -44
-35 27
26 -22
-20 12
-9 -11
10 0
26 -16
19 21
-37 -25
27 19
45 -5
25 21
15 31
-38 20
-26 18
11 31
-22 -60
40 -30
29 13
-1 -31
8 32
7 -31
-4 -6
-15 -7
-17 15
-15 9
-8 20
-2 10
20 0
-17 -41
-15 -1
-27 -31
13 11
-38 -16
14 -34
8 -6
-18 -60
11 5
11 3
24 20
7 -41
-35 9
53 23
27 7
-25 9
-6 -28
-22 20
-4 12
5 -35
-50 16
13 -55
-39 19
-5 25
-26 -14
2 -10
1 9
24 -10
-6 -8
25 7
1 29
34 -12
20 -30
23 1
3 -19
9 5
40 -18
-24 14
-10 6
23 -23
-40 -12
3 -11
25 -27
26 2
-34 8
7 1
-3 43
40 -30
33 -33
-2 -2
15 -27
-18 -12
-22 -34
5 -3
-27 -3
17 -13
-36 22
0 6
35 27
-20 24
-18 18
2 16
3 -3
2 24
24 -32
7 27
1 -11
-20 16
-6 28
-20 26
-19 11
-19 23
-6 8
-8 20
9 -5
4 -36
29 -1
20 48
4 -8
34 12
32 14
-1 29
-15 -7
8 -14
8 10
-12 -8
33 5
-9 -23
-25 7
-15 -3
4 12
-10 34
17 1
2 6
16 10
-13 1
11 3
-12 -22
8 -28
-5 -7
-9 11
35 -23
-4 -14
19 27
-10 -4
-9 -37
-18 -4
16 -4
-8 -28
6 -20
-14 -24
-16 -22
-13 -11
7 35
-10 -12
1 -27
17 37
7 13
12 -38
-22 -8
-15 -9
3 -1
-29 1
10 18
-11 27
12 -6
35 5
32 6
-10 4
-41 -3
30 -34
-13 -13
-32 10
-8 4
-4 -18
33 -5
23 -3
-6 -10
49 23
-28 14
-8 2
-28 22
13 -25
33 5
-27 -37
-16 14
-25 33
-12 32
29 -15
-52 -24
20 22
4 34
24 26
-32 -36
-31 -7
-21 19
-28 12
19 -13
4 40
25 7
12 22
-8 -8
0 -18
6 6
0 -34
9 27
-26 14
-7 -15
-7 -43
-30 -6
12 -8
0 -4
12 -30
-13 -15
17 1
20 14
-20 -6
27 -9
1 -21
24 10
-15 23
33 29
8 -32
-27 47
-19 -17
-5 25
-25 25
-9 23
14 14
-23 -29
24 28
2 24
-14 -8
-24 2
-28 14
15 -7
-1 13
17 -3
-30 -4
-33 7
-28 12
9 -19
-4 58
-24 30
-1 29
0 28
-15 9
34 12
-17 -17
-16 38
-2 -6
-32 8
42 6
26 14
-47 9
-10 24
-4 -6
29 -23
-10 -26
-20 -6
-8 12
1 11
-11 -3
14 24
-14 -4
-16 22
-10 -28
19 -3
5 11
-29 -27
1 -47
-6 -28
-19 33
-1 -1
8 -14
-19 19
-54 8
4 14
28 18
2 -20
-18 4
-9 -17
-3 -21
14 16
16 -22
39 7
13 -21
12 34
6 -54
-25 1
-2 -48
-23 11
38 -8
12 -2
-34 -14
-31 -23
-4 10
6 6
-6 -8
8 -10
1 13
11 35
-11 23
16 10
0 -38
-18 -10
29 13
2 4
-21 -1
-11 -3
22 -28
32 -26
9 9
29 -5
-14 10
18 -14
-3 -29
-22 -16
-14 -54
-12 8
23 61
27 -1
6 -4
12 14
5 -31
-22 0
-12 -2
-19 -11
-2 2
32 38
0 -36
-19 -13
9 37
51 -11
-15 31
-36 8
33 -37
0 18
2 -6
18 24
3 13
-17 -27
-26 16
-1 -5
30 40
-18 -6
5 -1
-23 9
-1 1
35 39
-29 -19
44 14
5 1
-8 32
49 17
-4 -6
-41 -13
43 -29
-46 0
14 -8
8 -16
23 27
-31 25
5 33
-14 20
15 35
63 -7
23 -9
5 -15
-12 2
30 26
-22 -10
-8 8
9 -15
18 -10
46 -2
33 -13
43 -43
-1 -11
-29 5
-8 6
12 0
-4 -44
5 19
-19 -37
-14 -34
5 -33
-22 2
-47 55
-21 23
10 6
-12 -34
-19 -29
-1 -15
-17 -3
-1 1
11 -1
-1 35
-6 -2
2 -16
-3 61
22 -20
-2 -46
-20 -16
-18 24
-7 49
-4 4
26 -22
20 18
-1 17
-24 -2
-9 5
-11 -1
13 1
6 -16
-42 -10
-12 -14
-15 -21
15 13
-21 -17
-28 14
-3 -27
18 56
-18 -28
-6 -2
-12 12
-1 -15
-11 -9
11 -1
-17 -15
34 8
14 -4
-17 -15
25 -17
-12 14
7 -11
-27 3
6 14
-22 -22
-12 -14
14 -58
-7 -9
-3 -9
4 12
15 9
17 5
68 0
-31 5
20 6
-11 -7
-10 20
8 -2
4 4
28 -10
-20 22
-13 19
28 -36
-22 38
44 -14
-28 2
21 23
14 20
9 -21
-8 -28
-41 25
-12 -16
8 -20
3 25
-9 13
7 15
-23 17
32 -34
28 4
14 -36
7 25
42 -14
-8 -12
61 19
-20 6
-1 -23
-3 13
7 33
4 12
-22 4
-25 27
11 29
-41 3
11 -11
21 -15
-20 36
-5 33
6 -12
43 59
11 1
-8 -46
-24 -28
2 0
36 -32
-11 21
-32 6
-13 1
23 11
10 10
-31 23
-15 3
-22 -44
-9 55
33 3
38 -4
-2 -2
51 3
-15 17
5 23
-7 -19
-41 -9
1 37
-30 -6
-14 -6
23 23
-32 -18
2 -36
-18 4
14 30
3 15
5 29
-5 -7
29 -7
19 -11
-22 -2
13 7
12 -10
-19 37
3 -21
-7 -19
19 7
-29 21
-8 -6
9 5
11 -1
19 -15
1 5
12 8
-16 26
13 19
-23 -19
26 -24
6 -2
-18 32
26 2
0 -50
-4 18
-23 19
39 7
18 -4
-35 -17
-28 -38
-1 -43
-21 -1
28 -8
-24 10
-7 23
3 -7
-55 11
2 -28
-9 31
-19 33
-45 39
20 -32
9 9
-44 -38
44 32
13 -25
-20 8
5 3
13 1
13 11
34 -16
-32 8
19 23
6 20
-3 17
-35 -23
-16 -8
-16 0
71 -31
-1 31
12 -24
-47 -35
-23 -5
39 -29
-15 -35
-17 37
26 20
3 35
-9 21
25 9
16 26
-9 -39
-20 16
-3 -9
15 11
-26 50
-3 -3
-4 26
24 -14
-19 -7
35 31
-30 14
42 2
-2 -6
-13 9
3 -17
14 30
-55 15
21 11
15 11
-12 -2
33 -11
-2 -10
-40 52
18 -2
-18 -8
7 -17
17 -17
-9 -1
9 23
21 9
20 -20
-46 8
18 4
-33 -35
10 30
30 -16
19 -7
-47 17
-44 -14
14 -10
-18 14
-2 -18
55 33
7 -19
2 18
-18 -24
-39 -23
2 -6
-39 15
7 -13
8 18
2 -36
-10 8
14 -24
-20 -14
0 -20
-8 16
-22 -4
18 -10
-3 -9
54 20
38 -28
-4 24
13 -15
-23 3
27 -5
-8 -44
14 -8
6 8
-18 -18
-18 -8
9 -7
-35 -23
8 18
4 -34
5 23
9 21
54 -24
4 12
-5 1
-18 -6
0 20
-3 15
15 13
-22 12
-10 -4
6 30
23 -15
31 -7
-4 -38
49 -23
6 20
14 -16
28 2
-22 -12
13 1
-6 -58
-27 31
-46 -40
16 8
-18 -38
25 -13
23 -11
-4 -6
6 34
37 17
30 -32
19 -37
8 -24
-1 -5
-8 -2
-12 -6
-13 11
-44 14
11 -19
-12 -32
-32 22
12 4
16 24
-3 19
-16 -2
-6 10
12 2
-70 -4
-31 21
-20 20
-17 -1
17 15
45 -11
-8 -20
-11 -35
39 -1
26 4
-8 0
15 -19
-14 42
-12 14
3 21
-4 22
-45 17
-25 3
-24 16
-22 20
-2 24
-4 4
19 -37
-43 -23
13 5
-2 -30
5 -15
-31 27
-39 -23
-14 -16
-35 31
-14 -20
23 -19
9 -3
-33 -15
0 -6
4 24
3 7
29 -13
-3 17
3 -7
16 0
9 11
-3 -35
13 -3
22 4
-12 -24
-6 42
-5 -23
-10 0
2 18
0 -34
-16 34
58 -42
-10 16
16 22
-3 21
31 17
-6 20
-18 26
-17 -41
-12 -26
23 -11
-34 -20
13 13
15 5
17 1
-24 24
19 3
11 51
-39 -11
26 -10
14 -26
-9 5
24 18
6 38
-30 -24
-14 -18
6 0
-28 72
19 -19
-6 36
25 -59
-33 17
22 -24
2 -22
8 -2
12 -10
-36 30
57 23
11 -17
33 -11
56 -16
-30 -14
-13 -7
12 20
16 -14
-1 -43
-6 -10
-2 -4
14 8
39 5
-7 19
-5 -33
25 7
-28 -32
23 -1
29 17
-18 2
0 0
27 11
17 -25
12 -8
14 6
-15 -1
28 26
-32 -14
-4 4
-14 60
22 8
-75 -7
-6 2
-30 -18
-5 13
-41 1
26 52
61 -35
-24 -18
-1 -25
33 -13
13 -7
-17 27
-12 16
14 -6
1 -17
39 -37
-8 -24
20 24
-10 -24
-8 -20
-7 -15
-18 16
13 -33
37 13
-21 17
-16 4
3 -33
27 29
-27 13
14 22
22 44
-6 -16
-2 -28
54 -2
38 -36
-26 -46
2 0
0 18
-19 -15
2 -4
-26 20
8 30
-17 -1
-22 -8
-10 -2
-2 20
7 11
12 12
-16 22
-3 25
31 -5
42 12
-13 -41
-19 19
-22 16
19 -17
-43 59
-28 -40
-7 -41
19 -5
-25 35
35 -1
52 24
5 13
4 -60
15 -7
21 5
-7 -15
-32 -2
4 10
2 2
-26 12
-20 -26
-20 -2
26 -12
34 24
-23 45
31 -13
-10 2
18 -26
23 -25
-28 -24
-39 -9
23 21
2 -6
11 -7
-30 -48
21 -9
10 36
6 24
-23 7
15 5
8 8
-18 -22
7 19
8 -26
20 14
26 -8
33 -53
11 -53
20 -2
19 1
-19 -39
12 10
-50 -8
-40 24
13 27
8 28
-32 10
27 17
15 3
-29 55
3 17
-17 15
15 13
4 20
-12 -30
8 -16
12 24
-14 4
5 -9
17 39
34 -12
6 18
-15 1
39 -55
26 2
9 15
35 -19
-1 -11
4 -6
22 -6
12 -42
-3 -3
7 -49
10 18
-25 1
-26 -40
2 -16
-5 5
-46 -2
-25 9
-37 7
18 -10
-13 7
-29 27
-43 31
-29 -19
14 4
1 -15
-21 13
13 -51
-5 -23
6 -4
18 6
-31 37
-27 13
18 -28
-15 -5
-13 21
11 -57
-10 8
-7 17
-4 -68
-7 -21
-11 -3
5 45
22 -16
13 39
16 4
-16 2
1 5
-7 -1
32 24
17 7
-6 18
-38 -18
26 12
-22 -22
33 45
11 21
14 12
-30 4
-16 -20
-9 11
-11 -29
9 -13
7 5
-19 33
18 8
-23 -27
8 -18
-19 27
0 -30
4 24
-26 -18
23 -23
-37 -11
10 -66
-13 -3
25 -19
1 7
-5 1
-1 3
11 7
1 -11
4 -4
-29 3
3 -9
28 26
-1 1
-22 20
-25 -19
19 -35
31 3
-18 -14
63 13
-19 -21
-17 15
-11 23
-7 -5
41 9
18 -26
-17 -19
8 10
15 -1
50 38
-2 -8
41 5
21 1
-20 6
-20 12
-8 16
-12 -42
-5 -27
33 -13
6 14
24 54
13 -5
9 -27
11 -31
58 -10
14 -22
48 10
-39 9
-2 12
-28 46
-38 14
23 -21
32 -12
-65 -47
-5 -5
13 -3
9 23
28 -8
9 33
-2 42
-13 -31
-21 1
2 -26
5 3
1 7
-16 -28
13 15
16 -20
29 11
-36 -48
18 6
-9 27
22 -8
-9 -29
40 4
11 -11
-27 -27
-8 38
-21 31
13 1
10 8
23 -47
-27 21
-57 1
-8 26
-17 13
40 -18
-14 8
39 -27
-19 -15
-33 -17
-23 -19
-7 -19
27 19
-5 7
21 11
58 -18
-10 -36
28 12
26 2
-12 -2
-5 33
16 38
-4 2
-7 17
27 -17
-3 -3
1 9
-10 10
25 -25
1 7
-5 -27
48 -24
5 -17
19 -1
-4 -12
-23 17
-32 -2
25 31
12 14
-20 -2
-4 -32
-2 6
4 -16
53 -13
58 18
-36 -32
36 10
-16 -12
8 -8
-13 15
-14 -20
0 -26
35 21
-50 14
18 0
9 -35
10 -24
21 23
0 -16
17 -3
16 30
4 4
4 -28
-5 7
6 66
-3 11
33 13
24 -54
5 7
-3 29
25 -27
0 -20
-26 -36
-9 23
-16 22
-15 11
12 -2
-16 24
3 15
4 34
12 -16
20 2
6 38
19 5
0 22
-23 15
-27 13
-7 3
42 22
6 48
-24 20
-14 -48
11 -47
-25 23
-4 -26
-21 3
-28 -10
-10 22
-7 -23
-42 2
-25 43
-10 36
16 -16
-14 12
15 -3
-17 27
-2 38
15 45
29 -29
29 9
14 -2
16 30
-64 -12
40 -8
-33 27
-12 18
-14 -4
-7 13
3 -31
-20 6
-21 -15
-4 -20
26 -18
7 13
-48 58
-6 4
45 -29
43 11
31 -11
-21 -17
2 14
-11 -19
-4 12
-37 -25
4 30
-18 -18
6 4
12 30
-7 -5
-7 -3
13 3
11 19
-10 -6
0 -10
10 -8
-32 -22
-1 -37
-18 -14
-30 28
16 26
-7 9
6 -4
4 -18
0 -10
4 8
-5 9
0 22
-18 34
-18 -14
-15 25
5 11
-8 4
-5 17
15 -9
21 23
-22 -10
26 0
28 14
-21 -25
-5 5
7 -5
-17 1
-25 5
27 -33
23 -11
66 16
1 11
4 24
-15 11
-19 -17
-25 -17
-28 -6
-20 34
17 31
28 -16
13 -3
-15 3
15 -33
-12 -22
-31 -37
-3 31
12 -34
15 -53
-9 5
37 -19
40 46
-29 -25
20 24
35 -5
44 30
8 -8
2 -22
-14 32
-42 -8
-2 4
-43 13
-38 -26
9 15
15 17
-19 -25
2 -4
-10 8
6 32
-19 -21
12 -10
-8 -38
-9 -23
36 24
-23 -31
19 -23
25 -1
15 13
15 -3
-5 7
-11 19
28 -22
-20 8
-42 -8
2 -12
-4 6
8 14
21 -11
15 5
4 0
5 21
-20 4
-11 41
3 -7
4 8
-27 -17
-21 -7
-14 -28
2 0
3 11
-26 -4
26 -18
4 16
32 8
8 4
13 33
-27 19
-48 32
-39 11
-14 -10
21 5
19 -13
32 -4
2 -8
20 -2
18 46
-11 5
25 5
-28 18
24 -30
-25 25
-10 -12
-15 -31
22 -14
12 -22
9 31
1 3
0 -8
11 23
5 -9
6 40
-6 54
-12 -2
-17 -23
-29 -3
9 19
3 35
18 -6
-10 -18
-14 22
-6 2
33 -21
13 -1
34 30
5 -9
-2 -44
-22 0
-22 -28
-7 -5
-29 -17
-17 -41
12 -16
-22 -18
8 18
-21 3
-29 -11
40 -26
-20 -2
2 4
5 21
9 15
8 2
27 -37
27 -7
-13 -21
-3 -23
43 -3
-33 -3
-8 30
12 18
24 -4
30 -14
22 -26
-6 -16
-4 26
4 -24
32 -12
24 10
-15 -19
3 -25
15 23
2 4
51 43
26 2
-17 9
29 -19
2 22
-11 -23
-48 2
13 17
-31 -17
2 -26
0 10
17 29
9 31
22 -4
8 0
-12 -22
20 6
-12 12
-7 -47
-3 45
35 -17
-9 33
-4 22
-25 -33
-11 9
-20 20
-23 -3
1 3
20 -4
9 25
-17 35
-24 16
-28 42
18 -18
7 37
1 15
13 -19
1 -27
33 -11
10 4
-2 8
-8 14
-16 0
-8 -8
4 -92
3 3
-34 -6
48 0
21 23
-13 15
30 -4
-4 -2
-26 -34
-5 -9
23 -11
-2 12
28 -12
25 29
15 -39
24 -18
-11 21
30 8
-20 -28
4 -2
12 2
10 6
-9 -7
3 25
3 -5
18 50
-48 -4
7 -11
-23 -43
0 -16
16 22
-52 -32
-27 -3
-17 -7
3 11
-28 2
-12 -12
10 12
-1 -3
6 2
-39 13
-20 -34
-25 3
-10 20
36 -6
-57 9
17 81
3 21
27 17
-46 -34
26 -28
-13 -27
3 -3
-14 18
27 7
11 29
-7 3
-60 8
1 -5
14 -4
-9 -1
26 50
28 0
13 19
-5 51
-20 50
-2 -38
26 -2
8 42
-8 -26
13 -5
10 24
-9 -11
29 -9
10 -18
44 6
-49 1
35 -9
-18 -12
21 -1
22 10
-23 5
12 -36
-7 -17
31 -21
-39 -17
-18 22
-3 -43
-12 20
8 14
24 6
34 -52
18 18
5 -29
35 39
0 0
16 12
17 21
2 -12
43 11
7 -25
50 2
-36 4
-11 -39
9 -5
31 11
5 45
-37 -13
-18 56
20 -12
8 26
13 23
-3 -9
5 -17
36 -18
0 -2
2 42
24 -4
5 45
11 -1
20 -18
20 -6
-27 -19
21 -63
-44 22
11 15
5 -7
7 29
13 -21
-3 19
4 -32
-30 6
6 -2
-3 15
12 6
-6 -14
0 10
21 27
60 58
-3 -13
-33 3
-47 17
5 7
12 30
-2 2
48 16
-6 -6
-27 -7
4 16
-3 -17
-21 23
-10 10
-23 -21
46 12
2 24
15 15
14 42
19 21
-7 9
4 10
31 23
28 -8
-44 12
-15 -7
-6 -22
34 -18
-19 -23
43 3
9 53
37 -19
7 23
11 -13
-35 3
-27 17
28 16
-16 -36
21 25
0 12
-1 19
14 -36
10 14
-16 2
11 5
40 -20
-10 0
-39 19
-30 -46
1 47
-37 11
-31 21
38 -10
2 -10
-30 -8
-43 33
32 -40
15 -21
36 -38
16 -12
-18 -2
32 30
-28 36
15 17
40 10
19 25
-18 -22
16 -10
-11 -9
10 -44
-36 -16
-3 17
7 1
15 -7
-25 -1
5 1
-5 -13
-10 -26
15 -13
0 18
-4 -10
12 20
-6 -22
-67 -15
18 2
30 -60
16 2
-8 -16
5 -3
-8 -2
18 32
0 -18
-23 33
-11 -37
-23 17
10 8
-2 6
-2 14
-14 14
8 54
-24 10
-3 -15
49 -17
0 -4
-16 -14
14 -54
5 -3
2 -14
35 -25
-4 2
-5 -17
1 17
-10 -34
13 -1
3 -13
-67 19
10 24
7 -23
-29 15
6 30
13 17
8 28
-15 -15
-9 -5
14 -2
-16 -6
-19 5
-8 -4
36 -10
-20 -26
-30 -30
14 -14
25 3
7 -11
-9 -41
-16 -12
-44 -8
35 9
4 -4
8 38
-10 0
-29 -7
-6 -10
10 10
-24 -10
23 1
28 -6
-12 26
-30 -20
-34 -16
9 -15
-21 -9
1 -1
-7 -35
-28 -26
22 14
34 -12
19 3
4 28
42 14
20 2
23 -19
-44 -6
-18 24
9 13
-6 -34
26 -10
23 11
1 3
-22 6
0 18
-4 24
22 -34
8 12
-8 0
-27 23
-13 7
4 2
-6 -14
19 -27
-14 -16
-33 -27
15 3
-46 -6
-15 41
-24 -4
4 4
-4 24
11 21
-11 -33
-21 -9
-34 24
-1 33
16 -32
10 34
7 -33
-5 19
19 7
24 -6
-17 23
13 -11
24 16
-3 -17
36 6
10 12
-6 16
-15 -11
-37 1
22 -20
-15 5
18 -12
9 -5
23 -1
-30 -4
-11 -27
-16 -4
-41 27
25 -5
31 -7
36 2
5 31
27 3
-15 13
15 -15
-11 -11
-26 -30
19 33
-42 12
-29 -13
-11 21
32 10
47 -31
26 -12
-11 -15
-9 9
-20 -16
-24 -20
9 1
20 12
12 -6
-10 28
27 -13
20 -4
-43 -21
19 -27
8 18
0 8
4 0
25 -29
-7 -21
-31 -27
22 14
8 28
4 28
-3 1
-32 32
-3 -9
20 -14
14 20
17 -1
17 25
-26 18
-8 46
1 -39
13 -31
-11 5
45 7
15 17
41 1
37 33
12 -28
-19 43
16 2
2 22
-4 -30
-22 -32
-30 4
-2 -12
21 17
12 12
1 19
-19 -27
-13 31
-27 -27
-58 -34
15 -23
8 -36
-41 -45
12 -8
-5 -7
22 22
5 1
38 8
24 22
-6 -16
-11 -19
-48 4
20 40
-9 -9
7 -25
26 24
-35 -9
-51 -21
-11 -15
35 37
-5 -35
-12 4
-16 -2
-2 8
2 -10
35 9
7 -35
22 10
8 -12
27 15
45 43
16 30
-11 -19
-2 -8
3 -3
5 -3
50 -12
17 47
22 14
-46 -10
7 -27
1 7
56 12
-2 10
3 9
-12 -12
6 -8
-35 -3
44 4
-5 -43
-31 55
2 26
-5 -3
-1 27
41 -39
3 11
-12 16
21 11
14 -16
-7 5
17 71
-11 -7
-22 -24
18 -8
-29 1
1 41
-5 5
16 18
25 11
-9 9
2 -14
-68 10
12 20
1 3
3 -21
-2 12
17 1
-10 -14
-16 -30
-27 -17
54 22
-22 12
67 -27
2 16
19 -9
12 -10
-13 11
-20 -14
15 -5
-9 -41
-3 -35
-16 -40
-19 -5
25 37
12 16
-23 11
2 4
-10 0
5 7
-25 49
11 17
-45 21
40 12
26 -2
-12 22
-39 -17
27 5
-19 39
-29 23
-1 25
-27 9
-27 -15
5 -33
11 3
27 -1
-10 24
0 -20
20 34
-27 -3
21 -11
-12 6
10 10
25 -37
8 8
-13 -15
24 56
-27 25
0 50
20 -24
25 -3
-37 -7
20 -18
-18 -4
-7 23
52 -26
20 -10
-29 -3
10 -50
0 24
12 18
-10 2
-4 -10
21 -9
-1 -11
-7 -33
-2 18
-25 -47
-26 30
2 -10
13 5
29 27
-28 -8
23 -15
9 13
54 -20
-17 43
56 -34
40 14
40 -34
-51 -3
12 -22
12 34
-10 24
-17 5
-17 5
-3 -1
13 -15
13 19
-11 -3
-50 20
-27 19
48 -22
1 -5
-32 -2
16 -14
-25 15
-16 12
9 9
-35 -11
4 0
-30 -6
17 25
29 -3
2 -26
4 28
2 40
24 -14
-1 -19
14 18
28 26
-7 -1
33 45
-6 6
7 3
9 -5
-23 55
-40 -10
-23 -5
-11 -9
2 -8
-7 -27
-37 21
0 4
44 10
11 25
-40 -24
-45 -19
13 -19
10 -26
-29 31
26 -20
52 12
6 12
-8 10
-41 -21
8 0
5 -27
32 36
36 -4
-9 23
-49 15
-4 14
-12 22
-28 10
-2 -20
20 -2
-3 -23
20 12
26 18
-23 21
11 3
-50 -8
8 42
-13 5
0 -4
-14 -32
57 15
-36 16
-3 -29
-2 10
-20 0
19 -19
-46 -2
27 -49
26 -16
-24 22
-10 -20
43 7
11 -25
3 -11
12 6
13 21
-7 -15
-13 15
-24 8
26 0
-37 9
-26 28
-27 1
-24 -34
-38 -4
21 1
31 27
-10 -16
6 -30
20 -32
13 -7
-8 10
-23 -29
-40 -14
-32 -4
0 20
2 8
1 7
17 -25
-13 7
30 -20
9 21
-35 5
-29 7
20 22
13 17
-6 6
19 19
22 16
8 -4
5 -5
-6 0
41 -29
-8 46
17 13
1 5
15 21
3 9
-16 -30
-5 5
-40 26
35 39
-29 11
2 18
-25 7
3 1
-40 -4
7 -3
8 -2
12 -2
12 18
8 12
22 24
11 -15
-22 0
1 13
33 -27
10 2
6 8
-3 35
8 -30
-7 -9
-34 -20
-27 1
-12 -2
4 26
-18 -30
1 51
12 -50
-13 -31
2 22
-31 7
-15 55
6 -24
-14 0
22 20
8 -18
14 34
-10 -14
-6 6
-54 36
25 11
21 -5
37 -23
11 19
30 30
-8 -14
11 -1
24 -82
-10 -34
-12 8
-8 20
-26 30
-28 36
-10 20
33 -7
45 -15
22 -18
12 10
23 -3
22 -12
20 6
14 -16
29 29
21 21
35 -11
38 -22
-14 -30
3 -9
6 -4
6 -12
-27 23
26 22
35 -19
-4 6
43 -7
4 24
13 -9
33 3
-9 -5
10 12
-8 -28
12 10
7 -23
12 -20
-5 41
-18 6
11 5
22 -6
1 -43
-12 -16
-11 15
-20 2
12 -18
-21 17
17 9
26 28
39 5
0 -10
2 10
-5 -25
3 -15
28 -40
7 -11
-24 4
34 -40
-9 21
-17 -49
-12 32
-11 1
49 21
-3 -23
5 35
8 -10
3 15
8 4
21 33
-3 -5
27 -17
-21 -27
18 6
-15 1
-1 -5
3 33
-9 -3
19 -19
-46 20
19 35
0 28
11 45
30 -46
-9 -59
16 20
-22 -40
23 -1
-22 12
-1 31
7 53
-13 -15
-12 -56
6 -40
12 16
11 -15
13 55
-6 -8
-11 -3
-8 0
3 -13
-2 0
-5 -15
58 -10
-10 -48
-1 -17
34 0
-54 -46
8 -46
24 10
-6 8
21 -1
0 18
36 -2
3 15
-39 41
59 -1
-30 -14
-17 -19
-55 -1
12 6
0 6
24 -60
-31 -25
2 -6
-45 -5
4 18
-7 -9
24 20
17 -25
-14 16
2 6
36 -16
-15 -17
-17 29
-8 8
6 -24
-6 -28
-39 -19
18 30
-13 -15
-26 -38
31 -47
-5 -47
12 -26
-29 -7
-8 -16
30 -10
-37 -3
-9 -1
22 14
27 27
-20 -70
9 -35
16 -68
-13 -29
10 -16
-16 10
-3 -25
19 41
-18 4
-10 28
11 -29
26 -8
-24 -4
15 39
17 45
-34 6
-24 18
-10 -18
-40 -20
-22 -2
13 -11
31 23
6 32
-38 -28
8 12
6 14
-9 -15
-17 -3
-29 29
-17 21
13 -5
-17 9
-5 -25
-33 7
9 1
40 12
-8 -6
-42 2
-27 -7
15 31
3 1
-14 38
25 7
-20 0
-10 -22
-8 -4
-17 -39
-20 -12
0 16
3 -17
41 13
18 2
1 -21
-29 45
-10 0
16 -38
21 -13
22 -10
3 -33
6 32
16 4
23 -25
19 -45
5 15
4 -14
-2 8
18 -2
4 8
-17 19
32 -28
-17 -7
7 -45
24 30
-2 8
11 11
-38 -2
71 23
27 -3
-4 14
-3 -31
-39 19
26 -24
4 8
-3 -39
-7 1
10 2
-4 -16
8 -22
-5 -5
-6 56
8 -10
-3 -5
-36 -18
-39 -1
-18 -30
17 17
-17 17
22 12
10 -6
0 4
30 24
7 1
22 18
6 -4
33 -61
5 25
3 1
-15 -33
-11 51
-10 -6
-9 27
27 -29
-17 -9
21 -9
2 -44
31 -1
-4 14
-6 6
-21 3
-9 59
31 -1
32 28
36 0
14 -6
-22 14
0 4
34 10
-9 -45
-13 -15
20 -4
-1 -7
-15 23
-29 -39
29 -9
-10 4
10 0
16 -28
-27 -1
-16 16
7 -9
18 34
14 -6
-31 -3
-44 -34
9 21
0 22
5 33
2 -6
-41 -13
24 -10
12 44
-15 -11
10 -20
12 12
-40 -20
7 -21
-16 -14
-27 21
20 36
-4 6
14 -32
-7 35
-43 -25
22 -24
14 18
-52 -28
45 7
-29 -11
38 -14
2 -32
13 7
-40 16
5 -13
4 -12
4 38
-13 -1
36 -24
26 30
28 8
-6 -24
39 3
3 -11
23 -17
1 17
8 2
-20 12
41 5
30 4
-27 -7
-31 19
-10 32
-20 4
7 41
20 16
-52 10
30 10
-2 -32
-14 6
37 25
-11 5
17 15
1 29
-11 -21
3 -37
34 -2
-1 31
-41 31
-9 7
23 -1
-12 6
38 -32
-16 -22
1 5
-21 5
17 13
-4 8
29 31
-21 -1
-3 -3
-34 8
2 -4
-59 -1
-6 -24
13 -35
22 8
-29 -3
13 23
-6 34
-7 13
66 -56
4 -26
-26 -16
-9 23
-48 -2
-25 31
-8 -30
56 -2
-15 49
58 -42
52 14
-7 -11
-19 31
12 -16
-9 9
9 1
-51 -11
-17 13
-4 -30
-30 20
-44 28
-3 7
-11 29
-26 -16
1 1
-35 1
1 -21
3 23
4 30
-16 -4
3 -1
-4 -4
-30 -18
-35 -27
-7 9
49 13
-13 -31
-12 10
26 -4
34 68
16 12
-31 9
-4 -4
10 -26
-7 -9
38 -26
-7 -19
-2 6
31 -1
11 -27
20 -2
-33 -1
37 -1
11 -3
5 7
16 -36
37 -7
-20 24
-31 7
24 10
-32 6
15 -9
-4 -4
23 -1
-4 10
-8 22
-15 15
-8 -16
45 33
-2 -4
-61 3
-49 -21
14 -28
-31 3
-16 10
-36 -22
-5 3
16 -6
-30 0
-13 5
-24 26
15 27
5 -11
22 32
20 30
-14 -8
-24 18
-10 -8
-10 -14
0 14
-44 4
46 -12
1 -9
-30 2
-13 13
47 3
33 -31
64 8
14 42
-24 10
4 -6
24 -14
26 -10
-17 1
1 9
10 10
-2 -40
-6 10
19 -21
-30 -34
17 21
25 -11
-4 22
-7 3
13 -19
-16 6
-14 10
4 16
-15 21
-29 31
-29 13
-7 -3
9 1
6 18
-41 17
1 31
-39 17
29 13
18 2
37 -21
-5 5
32 -12
29 -55
-3 -11
-11 29
-32 36
-13 5
42 -60
-19 -9
-27 -21
9 -27
12 14
-23 15
-23 -27
-8 2
31 13
24 4
5 -5
-6 -32
4 -2
8 -14
-28 -6
5 -5
-15 7
-7 -15
47 -27
-26 -12
-2 44
37 -11
20 -14
2 20
-48 -24
7 -19
-24 18
-3 1
41 -11
-13 -3
10 10
12 -14
15 33
33 33
62 -32
21 43
19 -29
-4 42
6 -6
20 8
21 23
-6 -18
-10 -6
-33 -3
23 -3
-37 -5
5 -1
-22 36
-7 25
11 -43
21 9
3 17
6 -38
-36 10
17 -9
2 24
-17 -1
-8 -34
36 -18
50 6
7 45
11 13
-3 -13
-8 30
-5 -9
-4 2
-8 6
-1 3
-19 13
10 -32
-27 17
-4 -42
-20 -10
13 -41
-11 -9
1 -15
-14 8
-27 -13
5 -23
-11 11
23 25
23 -9
12 -4
18 -4
8 -6
12 -26
60 -12
16 10
-5 37
-3 -21
21 5
-20 -20
-1 5
0 -16
-13 -29
33 11
13 5
23 -5
8 16
-6 -8
-15 -7
-30 -30
-26 -4
1 -29
3 -25
2 4
19 29
-24 16
14 -26
-26 -20
-24 0
33 3
0 4
-27 -9
-13 -23
13 27
29 -21
-28 -38
23 -35
20 -34
-42 -18
37 11
-7 7
-6 -36
-9 23
5 -11
-16 -10
28 50
12 4
16 6
-16 72
-35 -25
-14 8
-63 9
13 -21
15 -3
-16 16
-12 -4
-11 7
-55 29
-10 -46
-7 13
-2 14
-7 -9
21 15
19 13
44 -8
13 -19
8 -22
-30 8
-16 10
1 -1
23 13
36 20
-40 -30
18 18
-12 0
-5 -1
-57 -19
-38 -2
-40 8
20 4
-19 37
-50 8
30 -4
-16 44
18 0
-23 17
-24 -6
5 -21
56 -40
14 -22
15 17
-20 -22
-38 -18
-14 12
15 1
-1 -5
4 -32
-50 6
9 57
-25 5
-15 3
12 -2
3 -9
0 34
32 -44
23 33
22 10
3 -49
-14 38
2 18
14 2
-30 -42
0 -4
-8 4
-37 13
-15 3
-28 -16
-32 26
-6 -12
16 -4
42 -4
-27 5
-38 18
10 0
-58 14
0 2
-14 0
-16 -12
-13 15
19 13
-7 1
-9 33
-37 -39
56 26
5 -13
-25 -43
3 1
-28 22
15 27
0 18
33 3
18 42
-54 -20
-32 6
-33 -15
-18 24
-7 47
7 19
-10 -24
-16 -14
16 24
1 15
21 49
-31 -25
-5 -29
-24 -14
-22 0
-2 -2
-11 -21
-3 -3
8 -2
31 -25
1 -19
45 -9
30 6
49 -15
-8 28
-2 -20
18 24
19 27
-9 21
20 -22
-2 -16
31 -31
-6 -10
-3 -37
19 51
-12 48
-34 -6
-12 18
-8 10
9 5
15 -1
-3 -1
-19 -31
-36 24
-17 -31
24 -2
19 -17
-18 16
-5 -9
-16 18
10 -14
-36 -8
-26 -34
13 37
-25 7
-9 1
7 3
3 -11
-43 35
-7 1
3 -7
20 8
33 -9
-9 -1
32 -32
-16 -34
-30 -44
1 -9
-36 22
40 12
12 -2
42 18
-18 24
7 9
-33 -11
-7 15
10 -24
3 5
0 0
2 -20
-1 11
-29 -13
-12 20
-3 7
-23 17
20 -6
15 -25
65 -13
-40 10
50 -20
28 78
33 -19
35 -49
-6 24
-5 21
2 -32
-2 -16
-39 -11
14 -28
-1 15
4 8
2 4
-7 -19
-9 -3
5 11
-6 -22
-11 -9
7 9
13 11
14 2
-7 17
6 -10
26 30
-10 20
20 14
29 3
-12 -32
44 20
-56 -20
51 -17
-11 55
3 -3
-25 7
-19 5
29 -13
10 -2
-23 -7
39 9
-2 -22
16 18
13 11
49 -19
37 -19
5 7
-20 10
23 -5
8 10
22 -18
-4 14
10 -14
-8 6
-38 -8
23 -3
-30 18
-20 -14
53 -23
-5 -35
9 -35
-1 3
15 -21
10 64
34 -10
-27 3
-9 -5
19 21
-34 38
30 -26
-3 -5
-29 35
43 21
-25 1
33 -27
-8 0
-13 17
-24 30
9 11
7 3
0 4
1 -25
6 -18
-6 28
-19 -5
33 29
-35 -3
13 5
19 13
-1 27
-8 -20
-12 -16
15 -9
-9 11
21 21
-24 16
30 -8
-5 -3
-17 -27
-37 -21
3 31
10 30
6 2
33 -5
2 0
-17 21
5 9
-15 -13
-19 -3
-15 25
31 -7
13 -9
-14 -18
-39 15
-2 -18
4 -10
10 -30
-15 15
-16 -18
14 36
4 6
-1 -19
-48 -30
-22 -22
-4 26
-13 33
-18 -26
2 22
9 13
-8 -12
26 18
-26 16
18 -28
-11 -15
-26 26
52 -4
39 9
-51 25
-6 38
-8 22
-17 -37
-17 13
-25 -27
-31 -31
-12 18
8 14
-18 -44
-14 -4
1 -29
28 4
7 33
15 19
38 4
-10 10
24 2
-29 -29
-26 -52
8 -4
30 26
26 0
-16 24
-4 2
-1 13
-61 1
-15 -1
16 24
10 -18
34 2
45 29
39 -41
-9 -57
-43 5
-36 -18
-26 26
6 20
27 -3
27 7
20 18
1 -23
6 0
20 20
-15 3
-13 5
13 -11
-41 -23
11 -15
-6 -14
-13 11
-8 10
-36 -16
6 -26
-4 32
14 -28
1 -21
10 22
55 7
50 2
-44 -4
0 -16
-20 -12
-26 46
-5 13
-10 8
-9 -19
16 2
-17 21
-41 27
14 30
2 2
-3 -9
-2 14
-3 1
16 -8
-39 19
-5 -27
40 -52
-11 -25
-11 -17
19 31
-4 20
-17 1
11 -3
28 12
-6 -24
-5 31
-5 9
-28 -22
10 30
16 20
-3 -17
-32 -14
-12 -4
1 37
9 37
-18 -20
11 35
8 -18
4 18
27 7
55 15
21 23
51 13
14 -12
18 16
-14 -44
28 -18
-8 -8
-1 -9
-6 -10
-72 2
29 13
-23 -1
10 0
-19 7
-48 6
13 37
-57 -1
-15 11
-25 5
33 -17
10 20
6 4
0 -24
31 13
-26 14
-6 -36
7 45
-38 10
-14 -52
4 -8
-4 -10
24 8
-1 3
30 14
-28 -6
-18 14
-43 -5
-9 -19
33 -5
21 -3
-37 -47
8 6
-16 8
0 38
-26 -44
-12 6
2 22
-25 11
-27 -13
8 4
32 30
33 7
-12 -10
21 -9
25 -13
-29 -21
-7 23
2 36
4 0
33 -13
40 4
6 22
-2 -4
-23 43
2 18
-19 11
13 5
18 26
-22 -24
5 -25
-1 23
1 -7
27 9
39 19
7 -19
-10 -46
1 37
6 -22
1 -25
-3 15
-9 -3
37 -51
-26 -4
-9 -27
-7 39
19 33
31 -43
9 -1
11 -9
11 -1
-3 -7
7 -1
41 -1
7 11
26 -10
32 36
21 -21
15 -49
24 6
-29 1
19 3
-29 -9
-16 -46
-41 15
14 -16
40 24
-2 14
-9 -3
25 17
-7 35
20 6
-14 2
-22 -40
33 -33
-1 -11
-6 -16
-11 9
2 12
-7 5
-3 -47
38 -6
27 19
7 35
6 32
-22 -26
-32 -8
-5 -29
-10 20
-14 18
-9 -21
34 -16
-33 -17
-9 13
-4 -14
5 -7
8 26
-4 -22
-11 -23
-41 25
-20 -10
38 -6
6 -40
-36 24
15 -5
-23 3
-3 13
34 -50
-8 8
8 -14
-5 -31
15 -11
46 18
9 25
1 25
36 -6
40 -56
10 -16
-5 -27
-46 8
0 10
10 0
5 -3
-14 4
-8 -4
6 14
5 -5
-26 -22
13 -5
3 -13
32 16
12 8
9 -29
-11 37
34 -8
-28 -36
13 -17
-11 -25
40 30
-29 29
-10 -10
-15 5
4 10
-12 2
-19 -25
2 -12
12 -2
-23 5
27 -5
14 54
3 7
-24 12
-11 -19
1 1
-7 -9
7 -13
-24 28
13 -17
-21 -47
5 -21
-11 -43
-5 27
-11 9
20 6
-4 -10
27 -5
-41 -13
-24 -16
17 27
-24 30
-7 -13
-22 -20
15 -25
-29 13
15 -5
-15 19
-6 -20
25 7
33 3
-32 12
-21 -21
-4 -14
-2 2
22 30
-28 -36
24 -24
8 28
-20 -2
21 -23
28 2
-1 3
-13 -31
38 40
39 -11
-21 -33
-2 -20
-8 -20
22 0
-3 5
-13 -21
-13 3
-6 -2
32 12
4 -14
-7 -21
-23 37
3 7
3 -25
-3 1
-20 -36
18 -6
-14 -6
-2 -8
-3 5
5 3
19 -3
-11 7
-38 0
-1 -9
-18 44
26 24
-66 -42
-13 -7
29 5
20 -44
4 -6
20 22
-24 22
-21 -39
44 6
-16 20
-14 12
28 -34
-13 19
6 18
-3 3
4 -14
-8 -14
-1 3
-12 4
16 24
-2 -22
-29 -11
-11 9
-23 1
21 -9
7 -7
-36 -16
5 -3
15 7
33 -7
-15 27
-19 11
12 6
-28 0
-15 -3
-18 -26
15 7
30 42
-29 17
-17 21
-12 28
31 -33
18 0
-16 2
-19 37
-42 12
3 -25
21 -19
1 29
17 19
17 -3
11 47
-19 -9
-3 -3
-8 16
-20 8
-4 20
4 12
-41 9
-11 5
-15 -21
-6 -2
-2 -20
-6 14
11 -1
7 13
24 42
8 4
11 -1
-38 -22
-5 -9
32 22
-2 16
-1 17
20 -40
28 18
7 -15
-13 -11
-14 18
-7 -39
4 2
19 -27
-2 -8
11 -3
-4 -6
27 13
-9 -3
0 34
14 -2
6 4
-25 27
